-996,500	0,000
-988,500	0,000
-980,500	0,000
-972,499	0,000
-964,499	0,000
-956,499	0,000
-948,499	0,000
-940,499	0,000
-932,499	0,000
-924,498	0,000
-916,498	0,000
-908,498	0,000
-900,498	0,000
-892,498	0,000
-884,498	0,000
-876,497	0,000
-868,497	0,000
-860,497	0,000
-852,497	0,000
-844,497	0,000
-836,497	0,000
-828,496	0,000
-820,496	0,000
-812,496	0,000
-804,496	0,000
-796,496	0,000
-788,496	0,000
-780,495	0,000
-772,495	0,000
-764,495	0,000
-756,495	0,000
-748,495	0,000
-740,495	0,000
-732,494	0,000
-724,494	0,000
-716,494	0,000
-708,494	0,000
-700,494	0,000
-692,494	0,000
-684,493	0,000
-676,493	0,000
-668,493	0,000
-660,493	0,000
-652,493	0,000
-644,493	0,000
-636,492	0,000
-628,492	1,000
-620,492	0,000
-612,492	0,000
-604,492	0,000
-596,492	0,000
-588,491	0,000
-580,491	0,000
-572,491	0,000
-564,491	0,000
-556,491	0,000
-548,491	0,000
-540,490	0,000
-532,490	0,000
-524,490	0,000
-516,490	0,000
-508,490	1,000
-500,490	0,000
-492,489	0,000
-484,489	0,000
-476,489	0,000
-468,489	0,000
-460,489	0,000
-452,489	1,000
-444,488	3,000
-436,488	1,000
-428,488	3,000
-420,488	0,000
-412,488	0,000
-404,488	1,000
-396,487	2,000
-388,487	2,000
-380,487	1,000
-372,487	4,000
-364,487	1,000
-356,487	1,000
-348,486	3,000
-340,486	2,000
-332,486	3,000
-324,486	3,000
-316,486	5,000
-308,486	1,000
-300,485	6,000
-292,485	4,000
-284,485	6,000
-276,485	8,000
-268,485	8,000
-260,485	16,000
-252,484	12,000
-244,484	7,000
-236,484	15,000
-228,484	22,000
-220,484	18,000
-212,484	19,000
-204,483	17,000
-196,483	37,000
-188,483	36,000
-180,483	28,000
-172,483	40,000
-164,483	33,000
-156,482	42,000
-148,482	53,000
-140,482	59,000
-132,482	52,000
-124,482	69,000
-116,482	102,000
-108,481	100,000
-100,481	122,000
-92,481	139,000
-84,481	211,000
-76,481	213,000
-68,481	275,000
-60,480	356,000
-52,480	411,000
-44,480	498,000
-36,480	583,000
-28,480	694,000
-20,480	888,000
-12,479	1033,000
-4,479	1162,000
3,521	9928,000
11,521	1408,000
19,521	1945,000
27,521	2853,000
35,522	2668,000
43,522	2164,000
51,522	1909,000
59,522	1867,000
67,522	2210,000
75,522	1719,000
83,523	1181,000
91,523	1032,000
99,523	1193,000
107,523	1013,000
115,523	852,000
123,523	849,000
131,524	1078,000
139,524	1270,000
147,524	844,000
155,524	633,000
163,524	761,000
171,524	703,000
179,525	690,000
187,525	724,000
195,525	879,000
203,525	874,000
211,525	560,000
219,525	469,000
227,526	572,000
235,526	567,000
243,526	552,000
251,526	626,000
259,526	614,000
267,526	488,000
275,527	461,000
283,527	412,000
291,527	435,000
299,527	465,000
307,527	438,000
315,527	357,000
323,528	303,000
331,528	274,000
339,528	264,000
347,528	260,000
355,528	218,000
363,528	218,000
371,529	216,000
379,529	186,000
387,529	185,000
395,529	219,000
403,529	174,000
411,529	174,000
419,530	200,000
427,530	165,000
435,530	172,000
443,530	174,000
451,530	177,000
459,530	177,000
467,531	157,000
475,531	154,000
483,531	191,000
491,531	167,000
499,531	168,000
507,531	182,000
515,532	196,000
523,532	198,000
531,532	194,000
539,532	220,000
547,532	200,000
555,532	265,000
563,533	235,000
571,533	268,000
579,533	275,000
587,533	269,000
595,533	326,000
603,533	333,000
611,534	387,000
619,534	420,000
627,534	469,000
635,534	489,000
643,534	569,000
651,534	659,000
659,535	744,000
667,535	825,000
675,535	883,000
683,535	1095,000
691,535	1250,000
699,535	1348,000
707,536	1604,000
715,536	1823,000
723,536	2137,000
731,536	2392,000
739,536	2811,000
747,536	2888,000
755,537	3252,000
763,537	3394,000
771,537	3599,000
779,537	3746,000
787,537	3731,000
795,537	3600,000
803,538	3486,000
811,538	3446,000
819,538	3081,000
827,538	2752,000
835,538	2515,000
843,538	2203,000
851,539	1995,000
859,539	1793,000
867,539	1559,000
875,539	1395,000
883,539	1258,000
891,539	1182,000
899,540	1103,000
907,540	983,000
915,540	901,000
923,540	888,000
931,540	878,000
939,540	840,000
947,541	803,000
955,541	771,000
963,541	776,000
971,541	720,000
979,541	740,000
987,541	730,000
995,542	729,000
1003,542	692,000
1011,542	720,000
1019,542	697,000
1027,542	685,000
1035,542	650,000
1043,543	655,000
1051,543	651,000
1059,543	634,000
1067,543	638,000
1075,543	656,000
1083,543	657,000
1091,544	588,000
1099,544	599,000
1107,544	637,000
1115,544	605,000
1123,544	604,000
1131,544	587,000
1139,545	628,000
1147,545	554,000
1155,545	579,000
1163,545	593,000
1171,545	588,000
1179,545	574,000
1187,546	562,000
1195,546	561,000
1203,546	566,000
1211,546	597,000
1219,546	566,000
1227,546	535,000
1235,547	598,000
1243,547	548,000
1251,547	628,000
1259,547	611,000
1267,547	577,000
1275,547	601,000
1283,548	632,000
1291,548	569,000
1299,548	632,000
1307,548	695,000
1315,548	633,000
1323,548	699,000
1331,549	709,000
1339,549	733,000
1347,549	745,000
1355,549	731,000
1363,549	776,000
1371,549	868,000
1379,550	893,000
1387,550	913,000
1395,550	907,000
1403,550	983,000
1411,550	1048,000
1419,550	1132,000
1427,551	1158,000
1435,551	1307,000
1443,551	1377,000
1451,551	1482,000
1459,551	1568,000
1467,551	1707,000
1475,552	1722,000
1483,552	1954,000
1491,552	2093,000
1499,552	2035,000
1507,552	2312,000
1515,552	2280,000
1523,553	2427,000
1531,553	2527,000
1539,553	2498,000
1547,553	2511,000
1555,553	2430,000
1563,553	2386,000
1571,554	2239,000
1579,554	2126,000
1587,554	2022,000
1595,554	1849,000
1603,554	1783,000
1611,554	1644,000
1619,555	1512,000
1627,555	1312,000
1635,555	1221,000
1643,555	1176,000
1651,555	1155,000
1659,555	1150,000
1667,556	990,000
1675,556	978,000
1683,556	1018,000
1691,556	1007,000
1699,556	975,000
1707,556	956,000
1715,557	968,000
1723,557	921,000
1731,557	930,000
1739,557	931,000
1747,557	934,000
1755,557	892,000
1763,558	913,000
1771,558	874,000
1779,558	854,000
1787,558	819,000
1795,558	828,000
1803,558	824,000
1811,559	802,000
1819,559	772,000
1827,559	796,000
1835,559	778,000
1843,559	741,000
1851,559	753,000
1859,560	745,000
1867,560	750,000
1875,560	716,000
1883,560	746,000
1891,560	675,000
1899,560	657,000
1907,561	723,000
1915,561	682,000
1923,561	696,000
1931,561	664,000
1939,561	638,000
1947,561	673,000
1955,562	679,000
1963,562	688,000
1971,562	650,000
1979,562	691,000
1987,562	663,000
1995,562	670,000
2003,563	661,000
2011,563	664,000
2019,563	642,000
2027,563	669,000
2035,563	656,000
2043,563	702,000
2051,564	628,000
2059,564	648,000
2067,564	686,000
2075,564	659,000
2083,564	687,000
2091,564	689,000
2099,565	619,000
2107,565	675,000
2115,565	718,000
2123,565	691,000
2131,565	712,000
2139,565	781,000
2147,566	809,000
2155,566	746,000
2163,566	813,000
2171,566	848,000
2179,566	846,000
2187,566	827,000
2195,567	892,000
2203,567	918,000
2211,567	979,000
2219,567	990,000
2227,567	1043,000
2235,567	1092,000
2243,568	1096,000
2251,568	1129,000
2259,568	1148,000
2267,568	1196,000
2275,568	1249,000
2283,568	1200,000
2291,569	1235,000
2299,569	1188,000
2307,569	1204,000
2315,569	1108,000
2323,569	1229,000
2331,569	1092,000
2339,570	1114,000
2347,570	1012,000
2355,570	1012,000
2363,570	939,000
2371,570	922,000
2379,570	854,000
2387,571	824,000
2395,571	845,000
2403,571	759,000
2411,571	751,000
2419,571	686,000
2427,571	723,000
2435,572	684,000
2443,572	658,000
2451,572	653,000
2459,572	649,000
2467,572	702,000
2475,572	645,000
2483,573	647,000
2491,573	656,000
2499,573	650,000
2507,573	627,000
2515,573	716,000
2523,573	596,000
2531,574	578,000
2539,574	614,000
2547,574	609,000
2555,574	602,000
2563,574	584,000
2571,574	609,000
2579,575	600,000
2587,575	547,000
2595,575	593,000
2603,575	568,000
2611,575	555,000
2619,575	527,000
2627,576	577,000
2635,576	503,000
2643,576	508,000
2651,576	496,000
2659,576	510,000
2667,576	500,000
2675,577	467,000
2683,577	498,000
2691,577	467,000
2699,577	510,000
2707,577	449,000
2715,577	452,000
2723,578	444,000
2731,578	484,000
2739,578	481,000
2747,578	455,000
2755,578	452,000
2763,578	440,000
2771,579	420,000
2779,579	441,000
2787,579	424,000
2795,579	456,000
2803,579	494,000
2811,579	445,000
2819,580	451,000
2827,580	428,000
2835,580	470,000
2843,580	431,000
2851,580	463,000
2859,580	471,000
2867,581	431,000
2875,581	438,000
2883,581	453,000
2891,581	434,000
2899,581	471,000
2907,581	442,000
2915,582	451,000
2923,582	460,000
2931,582	480,000
2939,582	454,000
2947,582	478,000
2955,582	499,000
2963,583	515,000
2971,583	543,000
2979,583	506,000
2987,583	527,000
2995,583	517,000
3003,583	495,000
3011,584	531,000
3019,584	565,000
3027,584	535,000
3035,584	520,000
3043,584	552,000
3051,584	508,000
3059,585	525,000
3067,585	498,000
3075,585	531,000
3083,585	518,000
3091,585	492,000
3099,585	493,000
3107,586	487,000
3115,586	464,000
3123,586	466,000
3131,586	426,000
3139,586	371,000
3147,586	417,000
3155,587	396,000
3163,587	390,000
3171,587	371,000
3179,587	354,000
3187,587	395,000
3195,587	359,000
3203,588	386,000
3211,588	361,000
3219,588	364,000
3227,588	375,000
3235,588	356,000
3243,588	349,000
3251,589	355,000
3259,589	342,000
3267,589	351,000
3275,589	331,000
3283,589	339,000
3291,589	317,000
3299,590	323,000
3307,590	326,000
3315,590	316,000
3323,590	289,000
3331,590	305,000
3339,590	296,000
3347,591	263,000
3355,591	329,000
3363,591	300,000
3371,591	318,000
3379,591	277,000
3387,591	319,000
3395,592	252,000
3403,592	243,000
3411,592	236,000
3419,592	239,000
3427,592	259,000
3435,592	268,000
3443,593	246,000
3451,593	279,000
3459,593	269,000
3467,593	259,000
3475,593	241,000
3483,593	285,000
3491,594	242,000
3499,594	252,000
3507,594	253,000
3515,594	287,000
3523,594	259,000
3531,594	237,000
3539,595	225,000
3547,595	249,000
3555,595	222,000
3563,595	265,000
3571,595	213,000
3579,595	214,000
3587,596	232,000
3595,596	259,000
3603,596	245,000
3611,596	207,000
3619,596	237,000
3627,596	198,000
3635,597	232,000
3643,597	214,000
3651,597	204,000
3659,597	228,000
3667,597	200,000
3675,597	229,000
3683,598	207,000
3691,598	212,000
3699,598	239,000
3707,598	217,000
3715,598	209,000
3723,598	223,000
3731,599	212,000
3739,599	220,000
3747,599	236,000
3755,599	231,000
3763,599	210,000
3771,599	205,000
3779,600	189,000
3787,600	223,000
3795,600	225,000
3803,600	203,000
3811,600	237,000
3819,600	228,000
3827,601	198,000
3835,601	201,000
3843,601	200,000
3851,601	194,000
3859,601	177,000
3867,601	198,000
3875,602	212,000
3883,602	187,000
3891,602	192,000
3899,602	211,000
3907,602	183,000
3915,602	169,000
3923,603	196,000
3931,603	163,000
3939,603	159,000
3947,603	183,000
3955,603	175,000
3963,603	188,000
3971,604	154,000
3979,604	163,000
3987,604	137,000
3995,604	151,000
4003,604	156,000
4011,604	165,000
4019,605	159,000
4027,605	133,000
4035,605	188,000
4043,605	159,000
4051,605	169,000
4059,605	129,000
4067,606	133,000
4075,606	157,000
4083,606	134,000
4091,606	117,000
4099,606	146,000
4107,606	147,000
4115,607	142,000
4123,607	137,000
4131,607	142,000
4139,607	123,000
4147,607	112,000
4155,607	127,000
4163,608	120,000
4171,608	124,000
4179,608	122,000
4187,608	129,000
4195,608	119,000
4203,608	112,000
4211,609	121,000
4219,609	122,000
4227,609	123,000
4235,609	108,000
4243,609	121,000
4251,609	139,000
4259,610	117,000
4267,610	105,000
4275,610	112,000
4283,610	114,000
4291,610	91,000
4299,610	115,000
4307,611	120,000
4315,611	107,000
4323,611	104,000
4331,611	97,000
4339,611	108,000
4347,611	107,000
4355,612	101,000
4363,612	102,000
4371,612	108,000
4379,612	93,000
4387,612	100,000
4395,612	88,000
4403,613	106,000
4411,613	114,000
4419,613	97,000
4427,613	111,000
4435,613	112,000
4443,613	79,000
4451,614	103,000
4459,614	81,000
4467,614	91,000
4475,614	92,000
4483,614	75,000
4491,614	94,000
4499,615	90,000
4507,615	90,000
4515,615	80,000
4523,615	78,000
4531,615	73,000
4539,615	77,000
4547,616	92,000
4555,616	103,000
4563,616	82,000
4571,616	79,000
4579,616	89,000
4587,616	77,000
4595,617	81,000
4603,617	81,000
4611,617	86,000
4619,617	91,000
4627,617	74,000
4635,617	87,000
4643,618	93,000
4651,618	86,000
4659,618	81,000
4667,618	83,000
4675,618	73,000
4683,618	78,000
4691,619	66,000
4699,619	76,000
4707,619	74,000
4715,619	77,000
4723,619	75,000
4731,619	70,000
4739,620	74,000
4747,620	60,000
4755,620	60,000
4763,620	66,000
4771,620	65,000
4779,620	55,000
4787,621	52,000
4795,621	66,000
4803,621	54,000
4811,621	60,000
4819,621	68,000
4827,621	60,000
4835,622	66,000
4843,622	55,000
4851,622	69,000
4859,622	70,000
4867,622	48,000
4875,622	52,000
4883,623	57,000
4891,623	50,000
4899,623	54,000
4907,623	42,000
4915,623	54,000
4923,623	44,000
4931,624	62,000
4939,624	42,000
4947,624	51,000
4955,624	53,000
4963,624	36,000
4971,624	47,000
4979,625	56,000
4987,625	41,000
4995,625	41,000
5003,625	42,000
5011,625	46,000
5019,625	60,000
5027,626	41,000
5035,626	42,000
5043,626	33,000
5051,626	42,000
5059,626	31,000
5067,626	42,000
5075,627	52,000
5083,627	57,000
5091,627	40,000
5099,627	40,000
5107,627	36,000
5115,627	35,000
5123,628	43,000
5131,628	38,000
5139,628	37,000
5147,628	48,000
5155,628	38,000
5163,628	38,000
5171,629	35,000
5179,629	29,000
5187,629	44,000
5195,629	40,000
5203,629	35,000
5211,629	40,000
5219,630	48,000
5227,630	25,000
5235,630	36,000
5243,630	36,000
5251,630	35,000
5259,630	33,000
5267,631	45,000
5275,631	32,000
5283,631	28,000
5291,631	32,000
5299,631	39,000
5307,631	37,000
5315,632	32,000
5323,632	33,000
5331,632	43,000
5339,632	36,000
5347,632	34,000
5355,632	29,000
5363,633	22,000
5371,633	28,000
5379,633	29,000
5387,633	28,000
5395,633	35,000
5403,633	38,000
5411,634	28,000
5419,634	35,000
5427,634	33,000
5435,634	30,000
5443,634	18,000
5451,634	30,000
5459,635	26,000
5467,635	27,000
5475,635	26,000
5483,635	26,000
5491,635	32,000
5499,635	14,000
5507,636	27,000
5515,636	27,000
5523,636	24,000
5531,636	30,000
5539,636	37,000
5547,636	21,000
5555,637	20,000
5563,637	21,000
5571,637	18,000
5579,637	25,000
5587,637	28,000
5595,637	18,000
5603,638	22,000
5611,638	23,000
5619,638	19,000
5627,638	17,000
5635,638	32,000
5643,638	16,000
5651,639	19,000
5659,639	22,000
5667,639	12,000
5675,639	18,000
5683,639	15,000
5691,639	14,000
5699,640	24,000
5707,640	18,000
5715,640	25,000
5723,640	27,000
5731,640	18,000
5739,640	20,000
5747,641	21,000
5755,641	16,000
5763,641	18,000
5771,641	22,000
5779,641	16,000
5787,641	14,000
5795,642	17,000
5803,642	13,000
5811,642	25,000
5819,642	14,000
5827,642	23,000
5835,642	21,000
5843,643	10,000
5851,643	13,000
5859,643	14,000
5867,643	14,000
5875,643	14,000
5883,643	17,000
5891,644	19,000
5899,644	23,000
5907,644	18,000
5915,644	23,000
5923,644	20,000
5931,644	14,000
5939,645	10,000
5947,645	11,000
5955,645	20,000
5963,645	11,000
5971,645	11,000
5979,645	14,000
5987,646	11,000
5995,646	17,000
6003,646	8,000
6011,646	10,000
6019,646	16,000
6027,646	6,000
6035,647	11,000
6043,647	6,000
6051,647	13,000
6059,647	10,000
6067,647	12,000
6075,647	11,000
6083,648	10,000
6091,648	10,000
6099,648	11,000
6107,648	13,000
6115,648	8,000
6123,648	11,000
6131,649	15,000
6139,649	14,000
6147,649	11,000
6155,649	9,000
6163,649	9,000
6171,649	12,000
6179,650	13,000
6187,650	7,000
6195,650	7,000
6203,650	14,000
6211,650	6,000
6219,650	14,000
6227,651	9,000
6235,651	9,000
6243,651	13,000
6251,651	6,000
6259,651	11,000
6267,651	10,000
6275,652	11,000
6283,652	10,000
6291,652	12,000
6299,652	9,000
6307,652	7,000
6315,652	8,000
6323,653	7,000
6331,653	8,000
6339,653	5,000
6347,653	11,000
6355,653	15,000
6363,653	12,000
6371,654	11,000
6379,654	8,000
6387,654	13,000
6395,654	13,000
6403,654	8,000
6411,654	12,000
6419,655	7,000
6427,655	12,000
6435,655	1,000
6443,655	8,000
6451,655	9,000
6459,655	6,000
6467,656	10,000
6475,656	5,000
6483,656	8,000
6491,656	8,000
6499,656	10,000
6507,656	2,000
6515,657	5,000
6523,657	8,000
6531,657	5,000
6539,657	5,000
6547,657	11,000
6555,657	3,000
6563,658	3,000
6571,658	8,000
6579,658	4,000
6587,658	4,000
6595,658	6,000
6603,658	3,000
6611,659	6,000
6619,659	4,000
6627,659	8,000
6635,659	9,000
6643,659	11,000
6651,659	2,000
6659,660	7,000
6667,660	5,000
6675,660	3,000
6683,660	5,000
6691,660	4,000
6699,660	1,000
6707,661	7,000
6715,661	4,000
6723,661	5,000
6731,661	5,000
6739,661	3,000
6747,661	5,000
6755,662	4,000
6763,662	5,000
6771,662	6,000
6779,662	9,000
6787,662	4,000
6795,662	7,000
6803,663	3,000
6811,663	5,000
6819,663	6,000
6827,663	5,000
6835,663	5,000
6843,663	2,000
6851,664	3,000
6859,664	1,000
6867,664	4,000
6875,664	2,000
6883,664	1,000
6891,664	4,000
6899,665	2,000
6907,665	8,000
6915,665	4,000
6923,665	4,000
6931,665	2,000
6939,665	3,000
6947,666	5,000
6955,666	4,000
6963,666	4,000
6971,666	4,000
6979,666	6,000
6987,666	7,000
6995,667	4,000
7003,667	0,000
7011,667	4,000
7019,667	3,000
7027,667	5,000
7035,667	4,000
7043,668	7,000
7051,668	4,000
7059,668	3,000
7067,668	4,000
7075,668	2,000
7083,668	3,000
7091,669	3,000
7099,669	2,000
7107,669	1,000
7115,669	4,000
7123,669	4,000
7131,669	3,000
7139,670	5,000
7147,670	0,000
7155,670	1,000
7163,670	6,000
7171,670	1,000
7179,670	1,000
7187,671	4,000
7195,671	0,000
7203,671	1,000
7211,671	2,000
7219,671	5,000
7227,671	3,000
7235,672	2,000
7243,672	5,000
7251,672	3,000
7259,672	5,000
7267,672	5,000
7275,672	3,000
7283,673	1,000
7291,673	2,000
7299,673	3,000
7307,673	2,000
7315,673	4,000
7323,673	5,000
7331,674	3,000
7339,674	0,000
7347,674	1,000
7355,674	3,000
7363,674	5,000
7371,674	3,000
7379,675	0,000
7387,675	1,000
7395,675	2,000
7403,675	2,000
7411,675	2,000
7419,675	1,000
7427,676	1,000
7435,676	3,000
7443,676	2,000
7451,676	5,000
7459,676	4,000
7467,676	0,000
7475,677	1,000
7483,677	1,000
7491,677	0,000
7499,677	0,000
7507,677	0,000
7515,677	3,000
7523,678	2,000
7531,678	1,000
7539,678	0,000
7547,678	1,000
7555,678	2,000
7563,678	1,000
7571,679	2,000
7579,679	3,000
7587,679	1,000
7595,679	1,000
7603,679	0,000
7611,679	1,000
7619,680	2,000
7627,680	0,000
7635,680	1,000
7643,680	2,000
7651,680	2,000
7659,680	0,000
7667,681	0,000
7675,681	0,000
7683,681	1,000
7691,681	0,000
7699,681	2,000
7707,681	2,000
7715,682	1,000
7723,682	0,000
7731,682	1,000
7739,682	1,000
7747,682	1,000
7755,682	1,000
7763,683	2,000
7771,683	2,000
7779,683	1,000
7787,683	2,000
7795,683	3,000
7803,683	1,000
7811,684	0,000
7819,684	1,000
7827,684	1,000
7835,684	2,000
7843,684	0,000
7851,684	2,000
7859,685	1,000
7867,685	1,000
7875,685	2,000
7883,685	2,000
7891,685	1,000
7899,685	1,000
7907,686	1,000
7915,686	1,000
7923,686	1,000
7931,686	1,000
7939,686	0,000
7947,686	0,000
7955,687	0,000
7963,687	1,000
7971,687	2,000
7979,687	0,000
7987,687	2,000
7995,687	2,000
8003,688	2,000
8011,688	1,000
8019,688	3,000
8027,688	1,000
8035,688	0,000
8043,688	1,000
8051,689	1,000
8059,689	1,000
8067,689	0,000
8075,689	0,000
8083,689	0,000
8091,689	1,000
8099,690	1,000
8107,690	1,000
8115,690	0,000
8123,690	1,000
8131,690	1,000
8139,690	2,000
8147,691	1,000
8155,691	0,000
8163,691	0,000
8171,691	0,000
8179,691	2,000
8187,691	0,000
8195,692	0,000
8203,692	1,000
8211,692	1,000
8219,692	2,000
8227,692	0,000
8235,692	1,000
8243,693	2,000
8251,693	1,000
8259,693	1,000
8267,693	0,000
8275,693	0,000
8283,693	1,000
8291,694	0,000
8299,694	0,000
8307,694	1,000
8315,694	0,000
8323,694	1,000
8331,694	0,000
8339,695	0,000
8347,695	0,000
8355,695	1,000
8363,695	0,000
8371,695	0,000
8379,695	1,000
8387,696	0,000
8395,696	1,000
8403,696	0,000
8411,696	0,000
8419,696	0,000
8427,696	0,000
8435,697	1,000
8443,697	0,000
8451,697	1,000
8459,697	1,000
8467,697	0,000
8475,697	0,000
8483,698	0,000
8491,698	0,000
8499,698	1,000
8507,698	0,000
8515,698	1,000
8523,698	2,000
8531,699	0,000
8539,699	1,000
8547,699	0,000
8555,699	0,000
8563,699	1,000
8571,699	0,000
8579,700	0,000
8587,700	0,000
8595,700	0,000
8603,700	0,000
8611,700	0,000
8619,700	0,000
8627,701	1,000
8635,701	0,000
8643,701	1,000
8651,701	0,000
8659,701	1,000
8667,701	0,000
8675,702	0,000
8683,702	1,000
8691,702	1,000
8699,702	0,000
8707,702	0,000
8715,702	1,000
8723,703	0,000
8731,703	0,000
8739,703	1,000
8747,703	0,000
8755,703	0,000
8763,703	0,000
8771,704	0,000
8779,704	0,000
8787,704	2,000
8795,704	1,000
8803,704	0,000
8811,704	0,000
8819,705	0,000
8827,705	0,000
8835,705	0,000
8843,705	1,000
8851,705	0,000
8859,705	0,000
8867,706	0,000
8875,706	1,000
8883,706	0,000
8891,706	1,000
8899,706	0,000
8907,706	0,000
8915,707	1,000
8923,707	0,000
8931,707	0,000
8939,707	0,000
8947,707	3,000
8955,707	0,000
8963,708	1,000
8971,708	0,000
8979,708	0,000
8987,708	0,000
8995,708	0,000
9003,708	0,000
9011,709	0,000
9019,709	0,000
9027,709	1,000
9035,709	0,000
9043,709	0,000
9051,709	0,000
9059,710	0,000
9067,710	0,000
9075,710	0,000
9083,710	0,000
9091,710	0,000
9099,710	0,000
9107,711	0,000
9115,711	0,000
9123,711	0,000
9131,711	0,000
9139,711	0,000
9147,711	0,000
9155,712	1,000
9163,712	0,000
9171,712	0,000
9179,712	0,000
9187,712	0,000
9195,712	0,000
9203,713	1,000
9211,713	0,000
9219,713	0,000
9227,713	1,000
9235,713	0,000
9243,713	0,000
9251,714	0,000
9259,714	0,000
9267,714	0,000
9275,714	0,000
9283,714	0,000
9291,714	0,000
9299,715	1,000
9307,715	0,000
9315,715	0,000
9323,715	0,000
9331,715	0,000
9339,715	0,000
9347,716	0,000
9355,716	0,000
9363,716	0,000
9371,716	0,000
9379,716	0,000
9387,716	0,000
9395,717	0,000
9403,717	0,000
9411,717	0,000
9419,717	0,000
9427,717	0,000
9435,717	0,000
9443,718	0,000
9451,718	0,000
9459,718	0,000
9467,718	0,000
9475,718	0,000
9483,718	0,000
9491,719	0,000
9499,719	1,000
9507,719	0,000
9515,719	0,000
9523,719	0,000
9531,719	0,000
9539,720	0,000
9547,720	0,000
9555,720	0,000
9563,720	0,000
9571,720	0,000
9579,720	0,000
9587,721	0,000
9595,721	3,000
9603,721	0,000
9611,721	0,000
9619,721	1,000
9627,721	0,000
9635,722	0,000
9643,722	0,000
9651,722	0,000
9659,722	0,000
9667,722	0,000
9675,722	0,000
9683,723	0,000
9691,723	0,000
9699,723	0,000
9707,723	0,000
9715,723	0,000
9723,723	0,000
9731,724	0,000
9739,724	0,000
9747,724	0,000
9755,724	0,000
9763,724	0,000
9771,724	0,000
9779,725	0,000
9787,725	1,000
9795,725	0,000
9803,725	0,000
9811,725	0,000
9819,725	0,000
9827,726	0,000
9835,726	0,000
9843,726	0,000
9851,726	0,000
9859,726	0,000
9867,726	0,000
9875,727	0,000
9883,727	0,000
9891,727	0,000
9899,727	0,000
9907,727	0,000
9915,727	0,000
9923,728	0,000
9931,728	0,000
9939,728	0,000
9947,728	0,000
9955,728	0,000
9963,728	0,000
9971,729	0,000
9979,729	0,000
9987,729	0,000
9995,729	0,000
10003,729	0,000
10011,729	0,000
10019,730	0,000
10027,730	0,000
10035,730	0,000
10043,730	0,000
10051,730	0,000
10059,730	0,000
10067,731	0,000
10075,731	0,000
10083,731	0,000
10091,731	0,000
10099,731	0,000
10107,731	0,000
10115,732	0,000
10123,732	0,000
10131,732	0,000
10139,732	0,000
10147,732	0,000
10155,732	0,000
10163,733	0,000
10171,733	0,000
10179,733	0,000
10187,733	0,000
10195,733	0,000
10203,733	0,000
10211,734	0,000
10219,734	0,000
10227,734	0,000
10235,734	0,000
10243,734	0,000
10251,734	0,000
10259,735	0,000
10267,735	0,000
10275,735	0,000
10283,735	0,000
10291,735	0,000
10299,735	0,000
10307,736	0,000
10315,736	0,000
10323,736	1,000
10331,736	0,000
10339,736	0,000
10347,736	0,000
10355,737	0,000
10363,737	0,000
10371,737	0,000
10379,737	0,000
10387,737	0,000
10395,737	0,000
10403,738	0,000
10411,738	0,000
10419,738	0,000
10427,738	0,000
10435,738	0,000
10443,738	0,000
10451,739	0,000
10459,739	0,000
10467,739	0,000
10475,739	0,000
10483,739	0,000
10491,739	0,000
10499,740	1,000
10507,740	0,000
10515,740	0,000
10523,740	0,000
10531,740	0,000
10539,740	0,000
10547,741	0,000
10555,741	0,000
10563,741	0,000
10571,741	0,000
10579,741	0,000
10587,741	0,000
10595,742	0,000
10603,742	0,000
10611,742	0,000
10619,742	0,000
10627,742	0,000
10635,742	0,000
10643,743	0,000
10651,743	0,000
10659,743	0,000
10667,743	0,000
10675,743	0,000
10683,743	0,000
10691,744	0,000
10699,744	0,000
10707,744	0,000
10715,744	0,000
10723,744	0,000
10731,744	0,000
10739,745	0,000
10747,745	0,000
10755,745	0,000
10763,745	0,000
10771,745	0,000
10779,745	0,000
10787,746	0,000
10795,746	0,000
10803,746	0,000
10811,746	0,000
10819,746	0,000
10827,746	0,000
10835,747	0,000
10843,747	0,000
10851,747	0,000
10859,747	0,000
10867,747	0,000
10875,747	0,000
10883,748	0,000
10891,748	0,000
10899,748	0,000
10907,748	0,000
10915,748	0,000
10923,748	0,000
10931,749	0,000
10939,749	0,000
10947,749	0,000
10955,749	0,000
10963,749	0,000
10971,749	0,000
10979,750	0,000
10987,750	1,000
10995,750	0,000
11003,750	0,000
11011,750	0,000
11019,750	0,000
11027,751	0,000
11035,751	0,000
11043,751	0,000
11051,751	0,000
11059,751	0,000
11067,751	0,000
11075,752	0,000
11083,752	0,000
11091,752	0,000
11099,752	0,000
11107,752	0,000
11115,752	0,000
11123,753	0,000
11131,753	0,000
11139,753	0,000
11147,753	0,000
11155,753	0,000
11163,753	0,000
11171,754	0,000
11179,754	0,000
11187,754	0,000
11195,754	0,000
11203,754	0,000
11211,754	0,000
11219,755	0,000
11227,755	0,000
11235,755	0,000
11243,755	0,000
11251,755	0,000
11259,755	0,000
11267,756	0,000
11275,756	0,000
11283,756	0,000
11291,756	0,000
11299,756	0,000
11307,756	0,000
11315,757	0,000
11323,757	0,000
11331,757	0,000
11339,757	0,000
11347,757	0,000
11355,757	0,000
11363,758	0,000
11371,758	0,000
11379,758	0,000
11387,758	0,000
11395,758	0,000
11403,758	0,000
11411,759	0,000
11419,759	0,000
11427,759	0,000
11435,759	0,000
11443,759	0,000
11451,759	0,000
11459,760	0,000
11467,760	0,000
11475,760	0,000
11483,760	0,000
11491,760	0,000
11499,760	0,000
11507,761	0,000
11515,761	0,000
11523,761	0,000
11531,761	0,000
11539,761	0,000
11547,761	0,000
11555,762	0,000
11563,762	0,000
11571,762	0,000
11579,762	0,000
11587,762	0,000
11595,762	0,000
11603,763	0,000
11611,763	0,000
11619,763	0,000
11627,763	0,000
11635,763	0,000
11643,763	0,000
11651,764	0,000
11659,764	0,000
11667,764	0,000
11675,764	0,000
11683,764	0,000
11691,764	0,000
11699,765	0,000
11707,765	0,000
11715,765	0,000
11723,765	0,000
11731,765	0,000
11739,765	0,000
11747,766	0,000
11755,766	0,000
11763,766	0,000
11771,766	0,000
11779,766	0,000
11787,766	0,000
11795,767	0,000
11803,767	0,000
11811,767	0,000
11819,767	0,000
11827,767	0,000
11835,767	0,000
11843,768	0,000
11851,768	0,000
11859,768	0,000
11867,768	0,000
11875,768	0,000
11883,768	0,000
11891,769	0,000
11899,769	0,000
11907,769	0,000
11915,769	0,000
11923,769	0,000
11931,769	0,000
11939,770	0,000
11947,770	0,000
11955,770	0,000
11963,770	0,000
11971,770	0,000
11979,770	0,000
11987,771	0,000
11995,771	0,000
12003,771	0,000
12011,771	0,000
12019,771	0,000
12027,771	0,000
12035,772	0,000
12043,772	0,000
12051,772	0,000
12059,772	0,000
12067,772	0,000
12075,772	0,000
12083,773	0,000
12091,773	0,000
12099,773	0,000
12107,773	0,000
12115,773	0,000
12123,773	0,000
12131,774	0,000
12139,774	0,000
12147,774	0,000
12155,774	0,000
12163,774	0,000
12171,774	0,000
12179,775	0,000
12187,775	0,000
12195,775	0,000
12203,775	0,000
12211,775	0,000
12219,775	0,000
12227,776	0,000
12235,776	0,000
12243,776	0,000
12251,776	0,000
12259,776	0,000
12267,776	0,000
12275,777	0,000
12283,777	0,000
12291,777	0,000
12299,777	0,000
12307,777	0,000
12315,777	0,000
12323,778	0,000
12331,778	0,000
12339,778	0,000
12347,778	0,000
12355,778	0,000
12363,778	0,000
12371,779	0,000
12379,779	0,000
12387,779	0,000
12395,779	0,000
12403,779	0,000
12411,779	0,000
12419,780	0,000
12427,780	0,000
12435,780	0,000
12443,780	0,000
12451,780	0,000
12459,780	0,000
12467,781	0,000
12475,781	0,000
12483,781	0,000
12491,781	0,000
12499,781	0,000
12507,781	0,000
12515,782	0,000
12523,782	0,000
12531,782	0,000
12539,782	0,000
12547,782	0,000
12555,782	0,000
12563,783	0,000
12571,783	0,000
12579,783	0,000
12587,783	0,000
12595,783	0,000
12603,783	0,000
12611,784	0,000
12619,784	0,000
12627,784	0,000
12635,784	0,000
12643,784	0,000
12651,784	0,000
12659,785	0,000
12667,785	0,000
12675,785	0,000
12683,785	0,000
12691,785	0,000
12699,785	0,000
12707,786	0,000
12715,786	0,000
12723,786	0,000
12731,786	0,000
12739,786	0,000
12747,786	0,000
12755,787	0,000
12763,787	0,000
12771,787	0,000
12779,787	0,000
12787,787	0,000
12795,787	0,000
12803,788	0,000
12811,788	0,000
12819,788	0,000
12827,788	0,000
12835,788	0,000
12843,788	0,000
12851,789	0,000
12859,789	0,000
12867,789	0,000
12875,789	0,000
12883,789	0,000
12891,789	0,000
12899,790	0,000
12907,790	0,000
12915,790	0,000
12923,790	0,000
12931,790	0,000
12939,790	0,000
12947,791	0,000
12955,791	0,000
12963,791	0,000
12971,791	0,000
12979,791	0,000
12987,791	0,000
12995,792	0,000
13003,792	0,000
13011,792	0,000
13019,792	0,000
13027,792	0,000
13035,792	0,000
13043,793	0,000
13051,793	0,000
13059,793	0,000
13067,793	0,000
13075,793	0,000
13083,793	0,000
13091,794	0,000
13099,794	0,000
13107,794	0,000
13115,794	0,000
13123,794	0,000
13131,794	0,000
13139,795	0,000
13147,795	0,000
13155,795	0,000
13163,795	0,000
13171,795	0,000
13179,795	0,000
13187,796	0,000
13195,796	0,000
13203,796	0,000
13211,796	0,000
13219,796	0,000
13227,796	0,000
13235,797	0,000
13243,797	0,000
13251,797	0,000
13259,797	0,000
13267,797	0,000
13275,797	0,000
13283,798	0,000
13291,798	0,000
13299,798	0,000
13307,798	0,000
13315,798	0,000
13323,798	0,000
13331,799	0,000
13339,799	0,000
13347,799	0,000
13355,799	0,000
13363,799	0,000
13371,799	0,000
13379,800	0,000
13387,800	0,000
13395,800	0,000
13403,800	0,000
13411,800	0,000
13419,800	0,000
13427,801	0,000
13435,801	0,000
13443,801	0,000
13451,801	0,000
13459,801	0,000
13467,801	0,000
13475,802	0,000
13483,802	0,000
13491,802	0,000
13499,802	0,000
13507,802	0,000
13515,802	0,000
13523,803	0,000
13531,803	0,000
13539,803	0,000
13547,803	0,000
13555,803	0,000
13563,803	0,000
13571,804	0,000
13579,804	0,000
13587,804	0,000
13595,804	0,000
13603,804	0,000
13611,804	0,000
13619,805	0,000
13627,805	0,000
13635,805	0,000
13643,805	0,000
13651,805	0,000
13659,805	0,000
13667,806	0,000
13675,806	0,000
13683,806	0,000
13691,806	0,000
13699,806	0,000
13707,806	0,000
13715,807	0,000
13723,807	0,000
13731,807	0,000
13739,807	0,000
13747,807	0,000
13755,807	0,000
13763,808	0,000
13771,808	0,000
13779,808	0,000
13787,808	0,000
13795,808	0,000
13803,808	0,000
13811,809	0,000
13819,809	0,000
13827,809	0,000
13835,809	0,000
13843,809	0,000
13851,809	0,000
13859,810	0,000
13867,810	0,000
13875,810	0,000
13883,810	0,000
13891,810	0,000
13899,810	0,000
13907,811	0,000
13915,811	0,000
13923,811	0,000
13931,811	0,000
13939,811	0,000
13947,811	0,000
13955,812	0,000
13963,812	0,000
13971,812	0,000
13979,812	0,000
13987,812	0,000
13995,812	0,000
14003,813	0,000
14011,813	0,000
14019,813	0,000
14027,813	0,000
14035,813	0,000
14043,813	0,000
14051,814	0,000
14059,814	0,000
14067,814	0,000
14075,814	0,000
14083,814	0,000
14091,814	0,000
14099,815	0,000
14107,815	0,000
14115,815	0,000
14123,815	0,000
14131,815	0,000
14139,815	0,000
14147,816	0,000
14155,816	0,000
14163,816	0,000
14171,816	0,000
14179,816	0,000
14187,816	0,000
14195,817	0,000
14203,817	0,000
14211,817	0,000
14219,817	0,000
14227,817	0,000
14235,817	0,000
14243,818	0,000
14251,818	0,000
14259,818	0,000
14267,818	0,000
14275,818	0,000
14283,818	0,000
14291,819	0,000
14299,819	0,000
14307,819	0,000
14315,819	0,000
14323,819	0,000
14331,819	0,000
14339,820	0,000
14347,820	0,000
14355,820	0,000
14363,820	0,000
14371,820	0,000
14379,820	0,000
14387,821	0,000
14395,821	0,000
14403,821	0,000
14411,821	0,000
14419,821	0,000
14427,821	0,000
14435,822	0,000
14443,822	0,000
14451,822	0,000
14459,822	0,000
14467,822	0,000
14475,822	0,000
14483,823	0,000
14491,823	0,000
14499,823	0,000
14507,823	0,000
14515,823	0,000
14523,823	0,000
14531,824	0,000
14539,824	0,000
14547,824	0,000
14555,824	0,000
14563,824	0,000
14571,824	0,000
14579,825	0,000
14587,825	0,000
14595,825	0,000
14603,825	0,000
14611,825	0,000
14619,825	0,000
14627,826	0,000
14635,826	0,000
14643,826	0,000
14651,826	0,000
14659,826	0,000
14667,826	0,000
14675,827	0,000
14683,827	0,000
14691,827	0,000
14699,827	0,000
14707,827	0,000
14715,827	0,000
14723,828	0,000
14731,828	0,000
14739,828	0,000
14747,828	0,000
14755,828	0,000
14763,828	0,000
14771,829	0,000
14779,829	0,000
14787,829	0,000
14795,829	0,000
14803,829	0,000
14811,829	0,000
14819,830	0,000
14827,830	0,000
14835,830	0,000
14843,830	0,000
14851,830	0,000
14859,830	0,000
14867,831	0,000
14875,831	0,000
14883,831	0,000
14891,831	0,000
14899,831	0,000
14907,831	0,000
14915,832	0,000
14923,832	0,000
14931,832	0,000
14939,832	0,000
14947,832	0,000
14955,832	0,000
14963,833	0,000
14971,833	0,000
14979,833	0,000
14987,833	0,000
14995,833	0,000
15003,833	0,000
15011,834	0,000
15019,834	0,000
15027,834	0,000
15035,834	0,000
15043,834	0,000
15051,834	0,000
15059,835	0,000
15067,835	0,000
15075,835	0,000
15083,835	0,000
15091,835	0,000
15099,835	0,000
15107,836	0,000
15115,836	0,000
15123,836	0,000
15131,836	0,000
15139,836	0,000
15147,836	0,000
15155,837	0,000
15163,837	0,000
15171,837	0,000
15179,837	0,000
15187,837	0,000
15195,837	0,000
15203,838	0,000
15211,838	0,000
15219,838	0,000
15227,838	0,000
15235,838	0,000
15243,838	0,000
15251,839	0,000
15259,839	0,000
15267,839	0,000
15275,839	0,000
15283,839	0,000
15291,839	0,000
15299,840	0,000
15307,840	0,000
15315,840	0,000
15323,840	0,000
15331,840	0,000
15339,840	0,000
15347,841	0,000
15355,841	0,000
15363,841	0,000
15371,841	0,000
15379,841	0,000
15387,841	0,000
15395,842	0,000
15403,842	0,000
15411,842	0,000
15419,842	0,000
15427,842	0,000
15435,842	0,000
15443,843	0,000
15451,843	0,000
15459,843	0,000
15467,843	0,000
15475,843	0,000
15483,843	0,000
15491,844	0,000
15499,844	0,000
15507,844	0,000
15515,844	0,000
15523,844	0,000
15531,844	0,000
15539,845	0,000
15547,845	0,000
15555,845	0,000
15563,845	0,000
15571,845	0,000
15579,845	0,000
15587,846	0,000
15595,846	0,000
15603,846	0,000
15611,846	0,000
15619,846	0,000
15627,846	0,000
15635,847	0,000
15643,847	0,000
15651,847	0,000
15659,847	0,000
15667,847	0,000
15675,847	0,000
15683,848	0,000
15691,848	0,000
15699,848	0,000
15707,848	0,000
15715,848	0,000
15723,848	0,000
15731,849	0,000
15739,849	0,000
15747,849	0,000
15755,849	0,000
15763,849	0,000
15771,849	0,000
15779,850	0,000
15787,850	0,000
15795,850	0,000
15803,850	0,000
15811,850	0,000
15819,850	0,000
15827,851	0,000
15835,851	0,000
15843,851	0,000
15851,851	0,000
15859,851	0,000
15867,851	0,000
15875,852	0,000
15883,852	0,000
15891,852	0,000
15899,852	0,000
15907,852	0,000
15915,852	0,000
15923,853	0,000
15931,853	0,000
15939,853	0,000
15947,853	0,000
15955,853	0,000
15963,853	0,000
15971,854	0,000
15979,854	0,000
15987,854	0,000
15995,854	0,000
16003,854	0,000
16011,854	0,000
16019,855	0,000
16027,855	0,000
16035,855	0,000
16043,855	0,000
16051,855	0,000
16059,855	0,000
16067,856	0,000
16075,856	0,000
16083,856	0,000
16091,856	0,000
16099,856	0,000
16107,856	0,000
16115,857	0,000
16123,857	0,000
16131,857	0,000
16139,857	0,000
16147,857	0,000
16155,857	0,000
16163,858	0,000
16171,858	0,000
16179,858	0,000
16187,858	0,000
16195,858	0,000
16203,858	0,000
16211,859	0,000
16219,859	0,000
16227,859	0,000
16235,859	0,000
16243,859	0,000
16251,859	0,000
16259,860	0,000
16267,860	0,000
16275,860	0,000
16283,860	0,000
16291,860	0,000
16299,860	0,000
16307,861	0,000
16315,861	0,000
16323,861	0,000
16331,861	0,000
16339,861	0,000
16347,861	0,000
16355,862	0,000
16363,862	0,000
16371,862	0,000
16379,862	0,000
16387,862	0,000
16395,862	0,000
16403,863	0,000
16411,863	0,000
16419,863	0,000
16427,863	0,000
16435,863	0,000
16443,863	0,000
16451,864	0,000
16459,864	0,000
16467,864	0,000
16475,864	0,000
16483,864	0,000
16491,864	0,000
16499,865	0,000
16507,865	0,000
16515,865	0,000
16523,865	0,000
16531,865	0,000
16539,865	0,000
16547,866	0,000
16555,866	0,000
16563,866	0,000
16571,866	0,000
16579,866	0,000
16587,866	0,000
16595,867	0,000
16603,867	0,000
16611,867	0,000
16619,867	0,000
16627,867	0,000
16635,867	0,000
16643,868	0,000
16651,868	0,000
16659,868	0,000
16667,868	0,000
16675,868	0,000
16683,868	0,000
16691,869	0,000
16699,869	0,000
16707,869	0,000
16715,869	0,000
16723,869	0,000
16731,869	0,000
16739,870	0,000
16747,870	0,000
16755,870	0,000
16763,870	0,000
16771,870	0,000
16779,870	0,000
16787,871	0,000
16795,871	0,000
16803,871	0,000
16811,871	0,000
16819,871	0,000
16827,871	0,000
16835,872	0,000
16843,872	0,000
16851,872	0,000
16859,872	0,000
16867,872	0,000
16875,872	0,000
16883,873	0,000
16891,873	0,000
16899,873	0,000
16907,873	0,000
16915,873	0,000
16923,873	0,000
16931,874	0,000
16939,874	0,000
16947,874	0,000
16955,874	0,000
16963,874	0,000
16971,874	0,000
16979,875	0,000
16987,875	0,000
16995,875	0,000
17003,875	0,000
17011,875	0,000
17019,875	0,000
17027,876	0,000
17035,876	0,000
17043,876	0,000
17051,876	0,000
17059,876	0,000
17067,876	0,000
17075,877	0,000
17083,877	0,000
17091,877	0,000
17099,877	0,000
17107,877	0,000
17115,877	0,000
17123,878	0,000
17131,878	0,000
17139,878	0,000
17147,878	0,000
17155,878	0,000
17163,878	0,000
17171,879	0,000
17179,879	0,000
17187,879	0,000
17195,879	0,000
17203,879	0,000
17211,879	0,000
17219,880	0,000
17227,880	0,000
17235,880	0,000
17243,880	0,000
17251,880	0,000
17259,880	0,000
17267,881	0,000
17275,881	0,000
17283,881	0,000
17291,881	0,000
17299,881	0,000
17307,881	0,000
17315,882	0,000
17323,882	0,000
17331,882	0,000
17339,882	0,000
17347,882	0,000
17355,882	0,000
17363,883	0,000
17371,883	0,000
17379,883	0,000
17387,883	0,000
17395,883	0,000
17403,883	0,000
17411,884	0,000
17419,884	0,000
17427,884	0,000
17435,884	0,000
17443,884	0,000
17451,884	0,000
17459,885	0,000
17467,885	0,000
17475,885	0,000
17483,885	0,000
17491,885	0,000
17499,885	0,000
17507,886	0,000
17515,886	0,000
17523,886	0,000
17531,886	0,000
17539,886	0,000
17547,886	0,000
17555,887	0,000
17563,887	0,000
17571,887	0,000
17579,887	0,000
17587,887	0,000
17595,887	0,000
17603,888	0,000
17611,888	0,000
17619,888	0,000
17627,888	0,000
17635,888	0,000
17643,888	0,000
17651,889	0,000
17659,889	0,000
17667,889	0,000
17675,889	0,000
17683,889	0,000
17691,889	0,000
17699,890	0,000
17707,890	0,000
17715,890	0,000
17723,890	0,000
17731,890	0,000
17739,890	0,000
17747,891	0,000
17755,891	0,000
17763,891	0,000
17771,891	0,000
17779,891	0,000
17787,891	0,000
17795,892	0,000
17803,892	0,000
17811,892	0,000
17819,892	0,000
17827,892	0,000
17835,892	0,000
17843,893	0,000
17851,893	0,000
17859,893	0,000
17867,893	0,000
17875,893	0,000
17883,893	0,000
17891,894	0,000
17899,894	0,000
17907,894	0,000
17915,894	0,000
17923,894	0,000
17931,894	0,000
17939,895	0,000
17947,895	0,000
17955,895	0,000
17963,895	0,000
17971,895	0,000
17979,895	0,000
17987,896	0,000
17995,896	0,000
18003,896	0,000
18011,896	0,000
18019,896	0,000
18027,896	0,000
18035,897	0,000
18043,897	0,000
18051,897	0,000
18059,897	0,000
18067,897	0,000
18075,897	0,000
18083,898	0,000
18091,898	0,000
18099,898	0,000
18107,898	0,000
18115,898	0,000
18123,898	0,000
18131,899	0,000
18139,899	0,000
18147,899	0,000
18155,899	0,000
18163,899	0,000
18171,899	0,000
18179,900	0,000
18187,900	0,000
18195,900	0,000
18203,900	0,000
18211,900	0,000
18219,900	0,000
18227,901	0,000
18235,901	0,000
18243,901	0,000
18251,901	0,000
18259,901	0,000
18267,901	0,000
18275,902	0,000
18283,902	0,000
18291,902	0,000
18299,902	0,000
18307,902	0,000
18315,902	0,000
18323,903	0,000
18331,903	0,000
18339,903	0,000
18347,903	0,000
18355,903	0,000
18363,903	0,000
18371,904	0,000
18379,904	0,000
18387,904	0,000
18395,904	0,000
18403,904	0,000
18411,904	0,000
18419,905	0,000
18427,905	0,000
18435,905	0,000
18443,905	0,000
18451,905	0,000
18459,905	0,000
18467,906	0,000
18475,906	0,000
18483,906	0,000
18491,906	0,000
18499,906	0,000
18507,906	0,000
18515,907	0,000
18523,907	0,000
18531,907	0,000
18539,907	0,000
18547,907	0,000
18555,907	0,000
18563,908	0,000
18571,908	0,000
18579,908	0,000
18587,908	0,000
18595,908	0,000
18603,908	0,000
18611,909	0,000
18619,909	0,000
18627,909	0,000
18635,909	0,000
18643,909	0,000
18651,909	0,000
18659,910	0,000
18667,910	0,000
18675,910	0,000
18683,910	0,000
18691,910	0,000
18699,910	0,000
18707,911	0,000
18715,911	0,000
18723,911	0,000
18731,911	0,000
18739,911	0,000
18747,911	0,000
18755,912	0,000
18763,912	0,000
18771,912	0,000
18779,912	0,000
18787,912	0,000
18795,912	0,000
18803,913	0,000
18811,913	0,000
18819,913	0,000
18827,913	0,000
18835,913	0,000
18843,913	0,000
18851,914	0,000
18859,914	0,000
18867,914	0,000
18875,914	0,000
18883,914	0,000
18891,914	0,000
18899,915	0,000
18907,915	0,000
18915,915	0,000
18923,915	0,000
18931,915	0,000
18939,915	0,000
18947,916	0,000
18955,916	0,000
18963,916	0,000
18971,916	0,000
18979,916	0,000
18987,916	0,000
18995,917	0,000
19003,917	0,000
19011,917	0,000
19019,917	0,000
19027,917	0,000
19035,917	0,000
19043,918	0,000
19051,918	0,000
19059,918	0,000
19067,918	0,000
19075,918	0,000
19083,918	0,000
19091,919	0,000
19099,919	0,000
19107,919	0,000
19115,919	0,000
19123,919	0,000
19131,919	0,000
19139,920	0,000
19147,920	0,000
19155,920	0,000
19163,920	0,000
19171,920	0,000
19179,920	0,000
19187,921	0,000
19195,921	0,000
19203,921	0,000
19211,921	0,000
19219,921	0,000
19227,921	0,000
19235,922	0,000
19243,922	0,000
19251,922	0,000
19259,922	0,000
19267,922	0,000
19275,922	0,000
19283,923	0,000
19291,923	0,000
19299,923	0,000
19307,923	0,000
19315,923	0,000
19323,923	0,000
19331,924	0,000
19339,924	0,000
19347,924	0,000
19355,924	0,000
19363,924	0,000
19371,924	0,000
19379,925	0,000
19387,925	0,000
19395,925	0,000
19403,925	0,000
19411,925	0,000
19419,925	0,000
19427,926	0,000
19435,926	0,000
19443,926	0,000
19451,926	0,000
19459,926	0,000
19467,926	0,000
19475,927	0,000
19483,927	0,000
19491,927	0,000
19499,927	0,000
19507,927	0,000
19515,927	0,000
19523,928	0,000
19531,928	0,000
19539,928	0,000
19547,928	0,000
19555,928	0,000
19563,928	0,000
19571,929	0,000
19579,929	0,000
19587,929	0,000
19595,929	0,000
19603,929	0,000
19611,929	0,000
19619,930	0,000
19627,930	0,000
19635,930	0,000
19643,930	0,000
19651,930	0,000
19659,930	0,000
19667,931	0,000
19675,931	0,000
19683,931	0,000
19691,931	0,000
19699,931	0,000
19707,931	0,000
19715,932	0,000
19723,932	0,000
19731,932	0,000
19739,932	0,000
19747,932	0,000
19755,932	0,000
19763,933	0,000
19771,933	0,000
19779,933	0,000
19787,933	0,000
19795,933	0,000
19803,933	0,000
19811,934	0,000
19819,934	0,000
19827,934	0,000
19835,934	0,000
19843,934	0,000
19851,934	0,000
19859,935	0,000
19867,935	0,000
19875,935	0,000
19883,935	0,000
19891,935	0,000
19899,935	0,000
19907,936	0,000
19915,936	0,000
19923,936	0,000
19931,936	0,000
19939,936	0,000
19947,936	0,000
19955,937	0,000
19963,937	0,000
19971,937	0,000
19979,937	0,000
19987,937	0,000
19995,937	0,000
20003,938	0,000
20011,938	0,000
20019,938	0,000
20027,938	0,000
20035,938	0,000
20043,938	0,000
20051,939	0,000
20059,939	0,000
20067,939	0,000
20075,939	0,000
20083,939	0,000
20091,939	0,000
20099,940	0,000
20107,940	0,000
20115,940	0,000
20123,940	0,000
20131,940	0,000
20139,940	0,000
20147,941	0,000
20155,941	0,000
20163,941	0,000
20171,941	0,000
20179,941	0,000
20187,941	0,000
20195,942	0,000
20203,942	0,000
20211,942	0,000
20219,942	0,000
20227,942	0,000
20235,942	0,000
20243,943	0,000
20251,943	0,000
20259,943	0,000
20267,943	0,000
20275,943	0,000
20283,943	0,000
20291,944	0,000
20299,944	0,000
20307,944	0,000
20315,944	0,000
20323,944	0,000
20331,944	0,000
20339,945	0,000
20347,945	0,000
20355,945	0,000
20363,945	0,000
20371,945	0,000
20379,945	0,000
20387,946	0,000
20395,946	0,000
20403,946	0,000
20411,946	0,000
20419,946	0,000
20427,946	0,000
20435,947	0,000
20443,947	0,000
20451,947	0,000
20459,947	0,000
20467,947	0,000
20475,947	0,000
20483,948	0,000
20491,948	0,000
20499,948	0,000
20507,948	0,000
20515,948	0,000
20523,948	0,000
20531,949	0,000
20539,949	0,000
20547,949	0,000
20555,949	0,000
20563,949	0,000
20571,949	0,000
20579,950	0,000
20587,950	0,000
20595,950	0,000
20603,950	0,000
20611,950	0,000
20619,950	0,000
20627,951	0,000
20635,951	0,000
20643,951	0,000
20651,951	0,000
20659,951	0,000
20667,951	0,000
20675,952	0,000
20683,952	0,000
20691,952	0,000
20699,952	0,000
20707,952	0,000
20715,952	0,000
20723,953	0,000
20731,953	0,000
20739,953	0,000
20747,953	0,000
20755,953	0,000
20763,953	0,000
20771,954	0,000
20779,954	0,000
20787,954	0,000
20795,954	0,000
20803,954	0,000
20811,954	0,000
20819,955	0,000
20827,955	0,000
20835,955	0,000
20843,955	0,000
20851,955	0,000
20859,955	0,000
20867,956	0,000
20875,956	0,000
20883,956	0,000
20891,956	0,000
20899,956	0,000
20907,956	0,000
20915,957	0,000
20923,957	0,000
20931,957	0,000
20939,957	0,000
20947,957	0,000
20955,957	0,000
20963,958	0,000
20971,958	0,000
20979,958	0,000
20987,958	0,000
20995,958	0,000
21003,958	0,000
21011,959	0,000
21019,959	0,000
21027,959	0,000
21035,959	0,000
21043,959	0,000
21051,959	0,000
21059,960	0,000
21067,960	0,000
21075,960	0,000
21083,960	0,000
21091,960	0,000
21099,960	0,000
21107,961	0,000
21115,961	0,000
21123,961	0,000
21131,961	0,000
21139,961	0,000
21147,961	0,000
21155,962	0,000
21163,962	0,000
21171,962	0,000
21179,962	0,000
21187,962	0,000
21195,962	0,000
21203,963	0,000
21211,963	0,000
21219,963	0,000
21227,963	0,000
21235,963	0,000
21243,963	0,000
21251,964	0,000
21259,964	0,000
21267,964	0,000
21275,964	0,000
21283,964	0,000
21291,964	0,000
21299,965	0,000
21307,965	0,000
21315,965	0,000
21323,965	0,000
21331,965	0,000
21339,965	0,000
21347,966	0,000
21355,966	0,000
21363,966	0,000
21371,966	0,000
21379,966	0,000
21387,966	0,000
21395,967	0,000
21403,967	0,000
21411,967	0,000
21419,967	0,000
21427,967	0,000
21435,967	0,000
21443,968	0,000
21451,968	0,000
21459,968	0,000
21467,968	0,000
21475,968	0,000
21483,968	0,000
21491,969	0,000
21499,969	0,000
21507,969	0,000
21515,969	0,000
21523,969	0,000
21531,969	0,000
21539,970	0,000
21547,970	0,000
21555,970	0,000
21563,970	0,000
21571,970	0,000
21579,970	0,000
21587,971	0,000
21595,971	0,000
21603,971	0,000
21611,971	0,000
21619,971	0,000
21627,971	0,000
21635,972	0,000
21643,972	0,000
21651,972	0,000
21659,972	0,000
21667,972	0,000
21675,972	0,000
21683,973	0,000
21691,973	0,000
21699,973	0,000
21707,973	0,000
21715,973	0,000
21723,973	0,000
21731,974	0,000
21739,974	0,000
21747,974	0,000
21755,974	0,000
21763,974	0,000
21771,974	0,000
21779,975	0,000
21787,975	0,000
21795,975	0,000
21803,975	0,000
21811,975	0,000
21819,975	0,000
21827,976	0,000
21835,976	0,000
21843,976	0,000
21851,976	0,000
21859,976	0,000
21867,976	0,000
21875,977	0,000
21883,977	0,000
21891,977	0,000
21899,977	0,000
21907,977	0,000
21915,977	0,000
21923,978	0,000
21931,978	0,000
21939,978	0,000
21947,978	0,000
21955,978	0,000
21963,978	0,000
21971,979	0,000
21979,979	0,000
21987,979	0,000
21995,979	0,000
22003,979	0,000
22011,979	0,000
22019,980	0,000
22027,980	0,000
22035,980	0,000
22043,980	0,000
22051,980	0,000
22059,980	0,000
22067,981	0,000
22075,981	0,000
22083,981	0,000
22091,981	0,000
22099,981	0,000
22107,981	0,000
22115,982	0,000
22123,982	0,000
22131,982	0,000
22139,982	0,000
22147,982	0,000
22155,982	0,000
22163,983	0,000
22171,983	0,000
22179,983	0,000
22187,983	0,000
22195,983	0,000
22203,983	0,000
22211,984	0,000
22219,984	0,000
22227,984	0,000
22235,984	0,000
22243,984	0,000
22251,984	0,000
22259,985	0,000
22267,985	0,000
22275,985	0,000
22283,985	0,000
22291,985	0,000
22299,985	0,000
22307,986	0,000
22315,986	0,000
22323,986	0,000
22331,986	0,000
22339,986	0,000
22347,986	0,000
22355,987	0,000
22363,987	0,000
22371,987	0,000
22379,987	0,000
22387,987	0,000
22395,987	0,000
22403,988	0,000
22411,988	0,000
22419,988	0,000
22427,988	0,000
22435,988	0,000
22443,988	0,000
22451,989	0,000
22459,989	0,000
22467,989	0,000
22475,989	0,000
22483,989	0,000
22491,989	0,000
22499,990	0,000
22507,990	0,000
22515,990	0,000
22523,990	0,000
22531,990	0,000
22539,990	0,000
22547,991	0,000
22555,991	0,000
22563,991	0,000
22571,991	0,000
22579,991	0,000
22587,991	0,000
22595,992	0,000
22603,992	0,000
22611,992	0,000
22619,992	0,000
22627,992	0,000
22635,992	0,000
22643,993	0,000
22651,993	0,000
22659,993	0,000
22667,993	0,000
22675,993	0,000
22683,993	0,000
22691,994	0,000
22699,994	0,000
22707,994	0,000
22715,994	0,000
22723,994	0,000
22731,994	0,000
22739,995	0,000
22747,995	0,000
22755,995	0,000
22763,995	0,000
22771,995	0,000
22779,995	0,000
22787,996	0,000
22795,996	0,000
22803,996	0,000
22811,996	0,000
22819,996	0,000
22827,996	0,000
22835,997	0,000
22843,997	0,000
22851,997	0,000
22859,997	0,000
22867,997	0,000
22875,997	0,000
22883,998	0,000
22891,998	0,000
22899,998	0,000
22907,998	0,000
22915,998	0,000
22923,998	0,000
22931,999	0,000
22939,999	0,000
22947,999	0,000
22955,999	0,000
22963,999	0,000
22971,999	0,000
22980,000	0,000
22988,000	0,000
22996,000	0,000

22651,993	0,000
22659,993	0,000
22667,993	0,000
22675,993	0,000
22683,993	0,000
22691,994	0,000
22699,994	0,000
22707,994	0,000
22715,994	0,000
22723,994	0,000
22731,994	0,000
22739,995	0,000
22747,995	0,000
22755,995	0,000
22763,995	0,000
22771,995	0,000
22779,995	0,000
22787,996	0,000
22795,996	0,000
22803,996	0,000
22811,996	0,000
22819,996	0,000
22827,996	0,000
22835,997	0,000
22843,997	0,000
22851,997	0,000
22859,997	0,000
22867,997	0,000
22875,997	0,000
22883,998	0,000
22891,998	0,000
22899,998	0,000
22907,998	0,000
22915,998	0,000
22923,998	0,000
22931,999	0,000
22939,999	0,000
22947,999	0,000
22955,999	0,000
22963,999	0,000
22971,999	0,000
22980,000	0,000
22988,000	0,000
22996,000	0,000
