-996,500	0,000
-988,500	0,000
-980,500	0,000
-972,499	0,000
-964,499	0,000
-956,499	0,000
-948,499	0,000
-940,499	0,000
-932,499	0,000
-924,498	0,000
-916,498	0,000
-908,498	0,000
-900,498	0,000
-892,498	0,000
-884,498	0,000
-876,497	0,000
-868,497	0,000
-860,497	0,000
-852,497	0,000
-844,497	0,000
-836,497	0,000
-828,496	0,000
-820,496	0,000
-812,496	0,000
-804,496	0,000
-796,496	0,000
-788,496	0,000
-780,495	0,000
-772,495	0,000
-764,495	0,000
-756,495	0,000
-748,495	0,000
-740,495	0,000
-732,494	0,000
-724,494	0,000
-716,494	0,000
-708,494	0,000
-700,494	0,000
-692,494	0,000
-684,493	0,000
-676,493	0,000
-668,493	0,000
-660,493	0,000
-652,493	0,000
-644,493	0,000
-636,492	0,000
-628,492	0,000
-620,492	0,000
-612,492	1,000
-604,492	0,000
-596,492	0,000
-588,491	0,000
-580,491	0,000
-572,491	0,000
-564,491	0,000
-556,491	0,000
-548,491	1,000
-540,490	0,000
-532,490	1,000
-524,490	0,000
-516,490	0,000
-508,490	0,000
-500,490	2,000
-492,489	2,000
-484,489	4,000
-476,489	0,000
-468,489	3,000
-460,489	3,000
-452,489	1,000
-444,488	2,000
-436,488	4,000
-428,488	3,000
-420,488	5,000
-412,488	2,000
-404,488	3,000
-396,487	2,000
-388,487	1,000
-380,487	2,000
-372,487	1,000
-364,487	3,000
-356,487	4,000
-348,486	4,000
-340,486	11,000
-332,486	3,000
-324,486	13,000
-316,486	12,000
-308,486	11,000
-300,485	14,000
-292,485	9,000
-284,485	9,000
-276,485	15,000
-268,485	12,000
-260,485	18,000
-252,484	10,000
-244,484	18,000
-236,484	18,000
-228,484	26,000
-220,484	31,000
-212,484	30,000
-204,483	42,000
-196,483	46,000
-188,483	37,000
-180,483	38,000
-172,483	52,000
-164,483	55,000
-156,482	42,000
-148,482	63,000
-140,482	58,000
-132,482	76,000
-124,482	80,000
-116,482	102,000
-108,481	100,000
-100,481	137,000
-92,481	144,000
-84,481	180,000
-76,481	211,000
-68,481	211,000
-60,480	321,000
-52,480	373,000
-44,480	425,000
-36,480	483,000
-28,480	592,000
-20,480	689,000
-12,479	826,000
-4,479	957,000
3,521	11304,000
11,521	1312,000
19,521	1732,000
27,521	2760,000
35,522	2663,000
43,522	2122,000
51,522	1862,000
59,522	1689,000
67,522	1602,000
75,522	2066,000
83,523	1625,000
91,523	1165,000
99,523	1082,000
107,523	1174,000
115,523	1119,000
123,523	925,000
131,524	863,000
139,524	820,000
147,524	1023,000
155,524	1286,000
163,524	852,000
171,524	701,000
179,525	698,000
187,525	766,000
195,525	750,000
203,525	747,000
211,525	740,000
219,525	813,000
227,526	900,000
235,526	650,000
243,526	561,000
251,526	598,000
259,526	566,000
267,526	568,000
275,527	555,000
283,527	618,000
291,527	692,000
299,527	530,000
307,527	454,000
315,527	456,000
323,528	443,000
331,528	453,000
339,528	448,000
347,528	444,000
355,528	376,000
363,528	336,000
371,529	288,000
379,529	282,000
387,529	282,000
395,529	265,000
403,529	239,000
411,529	219,000
419,530	236,000
427,530	240,000
435,530	243,000
443,530	193,000
451,530	235,000
459,530	211,000
467,531	189,000
475,531	194,000
483,531	185,000
491,531	179,000
499,531	169,000
507,531	191,000
515,532	169,000
523,532	165,000
531,532	163,000
539,532	176,000
547,532	158,000
555,532	185,000
563,533	206,000
571,533	188,000
579,533	174,000
587,533	206,000
595,533	200,000
603,533	184,000
611,534	210,000
619,534	218,000
627,534	216,000
635,534	221,000
643,534	258,000
651,534	273,000
659,535	278,000
667,535	302,000
675,535	322,000
683,535	325,000
691,535	376,000
699,535	371,000
707,536	409,000
715,536	444,000
723,536	514,000
731,536	532,000
739,536	554,000
747,536	703,000
755,537	761,000
763,537	775,000
771,537	850,000
779,537	991,000
787,537	1113,000
795,537	1231,000
803,538	1363,000
811,538	1507,000
819,538	1755,000
827,538	1990,000
835,538	2183,000
843,538	2362,000
851,539	2625,000
859,539	2670,000
867,539	2953,000
875,539	3038,000
883,539	3084,000
891,539	3174,000
899,540	3035,000
907,540	2901,000
915,540	2722,000
923,540	2567,000
931,540	2358,000
939,540	2171,000
947,541	1977,000
955,541	1713,000
963,541	1557,000
971,541	1425,000
979,541	1282,000
987,541	1137,000
995,542	1098,000
1003,542	1011,000
1011,542	964,000
1019,542	970,000
1027,542	868,000
1035,542	848,000
1043,543	830,000
1051,543	843,000
1059,543	786,000
1067,543	749,000
1075,543	751,000
1083,543	692,000
1091,544	732,000
1099,544	678,000
1107,544	695,000
1115,544	697,000
1123,544	688,000
1131,544	703,000
1139,545	695,000
1147,545	673,000
1155,545	705,000
1163,545	632,000
1171,545	633,000
1179,545	634,000
1187,546	613,000
1195,546	616,000
1203,546	620,000
1211,546	600,000
1219,546	642,000
1227,546	564,000
1235,547	558,000
1243,547	580,000
1251,547	609,000
1259,547	561,000
1267,547	587,000
1275,547	574,000
1283,548	569,000
1291,548	564,000
1299,548	565,000
1307,548	574,000
1315,548	553,000
1323,548	565,000
1331,549	597,000
1339,549	554,000
1347,549	513,000
1355,549	501,000
1363,549	564,000
1371,549	558,000
1379,550	509,000
1387,550	553,000
1395,550	596,000
1403,550	537,000
1411,550	558,000
1419,550	538,000
1427,551	562,000
1435,551	585,000
1443,551	562,000
1451,551	568,000
1459,551	587,000
1467,551	553,000
1475,552	659,000
1483,552	640,000
1491,552	637,000
1499,552	663,000
1507,552	654,000
1515,552	695,000
1523,553	688,000
1531,553	702,000
1539,553	794,000
1547,553	757,000
1555,553	851,000
1563,553	833,000
1571,554	909,000
1579,554	863,000
1587,554	900,000
1595,554	1041,000
1603,554	1033,000
1611,554	1053,000
1619,555	1035,000
1627,555	1170,000
1635,555	1214,000
1643,555	1331,000
1651,555	1347,000
1659,555	1450,000
1667,556	1570,000
1675,556	1652,000
1683,556	1779,000
1691,556	1769,000
1699,556	1915,000
1707,556	2107,000
1715,557	2090,000
1723,557	2086,000
1731,557	2253,000
1739,557	2084,000
1747,557	2037,000
1755,557	2117,000
1763,558	2015,000
1771,558	1971,000
1779,558	1923,000
1787,558	1710,000
1795,558	1693,000
1803,558	1564,000
1811,559	1432,000
1819,559	1425,000
1827,559	1292,000
1835,559	1201,000
1843,559	1172,000
1851,559	1164,000
1859,560	1021,000
1867,560	1032,000
1875,560	1056,000
1883,560	999,000
1891,560	970,000
1899,560	950,000
1907,561	994,000
1915,561	891,000
1923,561	902,000
1931,561	948,000
1939,561	942,000
1947,561	919,000
1955,562	912,000
1963,562	939,000
1971,562	910,000
1979,562	863,000
1987,562	891,000
1995,562	862,000
2003,563	855,000
2011,563	850,000
2019,563	867,000
2027,563	867,000
2035,563	826,000
2043,563	826,000
2051,564	830,000
2059,564	800,000
2067,564	817,000
2075,564	821,000
2083,564	822,000
2091,564	739,000
2099,565	761,000
2107,565	778,000
2115,565	790,000
2123,565	806,000
2131,565	746,000
2139,565	723,000
2147,566	766,000
2155,566	749,000
2163,566	726,000
2171,566	708,000
2179,566	716,000
2187,566	733,000
2195,567	712,000
2203,567	710,000
2211,567	706,000
2219,567	670,000
2227,567	698,000
2235,567	695,000
2243,568	672,000
2251,568	669,000
2259,568	670,000
2267,568	668,000
2275,568	674,000
2283,568	682,000
2291,569	652,000
2299,569	681,000
2307,569	690,000
2315,569	650,000
2323,569	686,000
2331,569	711,000
2339,570	697,000
2347,570	646,000
2355,570	735,000
2363,570	718,000
2371,570	738,000
2379,570	719,000
2387,571	706,000
2395,571	759,000
2403,571	677,000
2411,571	777,000
2419,571	785,000
2427,571	813,000
2435,572	790,000
2443,572	835,000
2451,572	843,000
2459,572	884,000
2467,572	873,000
2475,572	883,000
2483,573	892,000
2491,573	900,000
2499,573	960,000
2507,573	998,000
2515,573	1045,000
2523,573	976,000
2531,574	1097,000
2539,574	1099,000
2547,574	1085,000
2555,574	1164,000
2563,574	1149,000
2571,574	1196,000
2579,575	1173,000
2587,575	1177,000
2595,575	1202,000
2603,575	1117,000
2611,575	1167,000
2619,575	1091,000
2627,576	1018,000
2635,576	1028,000
2643,576	1001,000
2651,576	927,000
2659,576	916,000
2667,576	892,000
2675,577	833,000
2683,577	859,000
2691,577	785,000
2699,577	830,000
2707,577	772,000
2715,577	781,000
2723,578	742,000
2731,578	718,000
2739,578	758,000
2747,578	710,000
2755,578	710,000
2763,578	744,000
2771,579	756,000
2779,579	720,000
2787,579	682,000
2795,579	721,000
2803,579	681,000
2811,579	701,000
2819,580	680,000
2827,580	687,000
2835,580	693,000
2843,580	675,000
2851,580	716,000
2859,580	645,000
2867,581	678,000
2875,581	643,000
2883,581	679,000
2891,581	650,000
2899,581	642,000
2907,581	668,000
2915,582	639,000
2923,582	711,000
2931,582	652,000
2939,582	582,000
2947,582	615,000
2955,582	583,000
2963,583	617,000
2971,583	561,000
2979,583	570,000
2987,583	585,000
2995,583	552,000
3003,583	560,000
3011,584	557,000
3019,584	613,000
3027,584	546,000
3035,584	559,000
3043,584	541,000
3051,584	564,000
3059,585	558,000
3067,585	568,000
3075,585	534,000
3083,585	520,000
3091,585	494,000
3099,585	549,000
3107,586	533,000
3115,586	563,000
3123,586	493,000
3131,586	493,000
3139,586	500,000
3147,586	512,000
3155,587	556,000
3163,587	541,000
3171,587	507,000
3179,587	508,000
3187,587	528,000
3195,587	492,000
3203,588	505,000
3211,588	530,000
3219,588	540,000
3227,588	503,000
3235,588	542,000
3243,588	534,000
3251,589	522,000
3259,589	522,000
3267,589	515,000
3275,589	544,000
3283,589	559,000
3291,589	530,000
3299,590	523,000
3307,590	557,000
3315,590	554,000
3323,590	586,000
3331,590	554,000
3339,590	540,000
3347,591	532,000
3355,591	540,000
3363,591	571,000
3371,591	581,000
3379,591	596,000
3387,591	579,000
3395,592	593,000
3403,592	585,000
3411,592	634,000
3419,592	606,000
3427,592	573,000
3435,592	591,000
3443,593	558,000
3451,593	562,000
3459,593	543,000
3467,593	580,000
3475,593	538,000
3483,593	549,000
3491,594	517,000
3499,594	557,000
3507,594	547,000
3515,594	481,000
3523,594	522,000
3531,594	444,000
3539,595	480,000
3547,595	472,000
3555,595	465,000
3563,595	460,000
3571,595	455,000
3579,595	455,000
3587,596	461,000
3595,596	468,000
3603,596	469,000
3611,596	462,000
3619,596	483,000
3627,596	448,000
3635,597	431,000
3643,597	410,000
3651,597	433,000
3659,597	435,000
3667,597	425,000
3675,597	441,000
3683,598	432,000
3691,598	427,000
3699,598	405,000
3707,598	431,000
3715,598	448,000
3723,598	444,000
3731,599	394,000
3739,599	426,000
3747,599	405,000
3755,599	390,000
3763,599	364,000
3771,599	372,000
3779,600	397,000
3787,600	419,000
3795,600	394,000
3803,600	358,000
3811,600	378,000
3819,600	362,000
3827,601	363,000
3835,601	379,000
3843,601	350,000
3851,601	360,000
3859,601	354,000
3867,601	357,000
3875,602	336,000
3883,602	325,000
3891,602	359,000
3899,602	343,000
3907,602	328,000
3915,602	355,000
3923,603	307,000
3931,603	314,000
3939,603	326,000
3947,603	324,000
3955,603	310,000
3963,603	338,000
3971,604	330,000
3979,604	349,000
3987,604	344,000
3995,604	343,000
4003,604	324,000
4011,604	299,000
4019,605	325,000
4027,605	310,000
4035,605	289,000
4043,605	298,000
4051,605	317,000
4059,605	319,000
4067,606	311,000
4075,606	345,000
4083,606	298,000
4091,606	291,000
4099,606	329,000
4107,606	296,000
4115,607	315,000
4123,607	328,000
4131,607	299,000
4139,607	288,000
4147,607	302,000
4155,607	320,000
4163,608	317,000
4171,608	307,000
4179,608	333,000
4187,608	278,000
4195,608	290,000
4203,608	323,000
4211,609	302,000
4219,609	280,000
4227,609	285,000
4235,609	271,000
4243,609	310,000
4251,609	292,000
4259,610	329,000
4267,610	312,000
4275,610	323,000
4283,610	296,000
4291,610	271,000
4299,610	263,000
4307,611	296,000
4315,611	297,000
4323,611	292,000
4331,611	265,000
4339,611	270,000
4347,611	283,000
4355,612	284,000
4363,612	272,000
4371,612	264,000
4379,612	273,000
4387,612	263,000
4395,612	238,000
4403,613	254,000
4411,613	248,000
4419,613	239,000
4427,613	256,000
4435,613	259,000
4443,613	267,000
4451,614	259,000
4459,614	226,000
4467,614	227,000
4475,614	236,000
4483,614	236,000
4491,614	208,000
4499,615	219,000
4507,615	224,000
4515,615	245,000
4523,615	244,000
4531,615	224,000
4539,615	241,000
4547,616	255,000
4555,616	192,000
4563,616	229,000
4571,616	218,000
4579,616	235,000
4587,616	205,000
4595,617	212,000
4603,617	225,000
4611,617	200,000
4619,617	229,000
4627,617	220,000
4635,617	191,000
4643,618	216,000
4651,618	199,000
4659,618	210,000
4667,618	208,000
4675,618	184,000
4683,618	200,000
4691,619	204,000
4699,619	190,000
4707,619	197,000
4715,619	186,000
4723,619	202,000
4731,619	201,000
4739,620	203,000
4747,620	196,000
4755,620	185,000
4763,620	183,000
4771,620	164,000
4779,620	160,000
4787,621	193,000
4795,621	172,000
4803,621	198,000
4811,621	162,000
4819,621	167,000
4827,621	184,000
4835,622	196,000
4843,622	183,000
4851,622	177,000
4859,622	184,000
4867,622	186,000
4875,622	193,000
4883,623	157,000
4891,623	176,000
4899,623	171,000
4907,623	160,000
4915,623	201,000
4923,623	165,000
4931,624	158,000
4939,624	172,000
4947,624	169,000
4955,624	184,000
4963,624	161,000
4971,624	159,000
4979,625	150,000
4987,625	143,000
4995,625	166,000
5003,625	165,000
5011,625	151,000
5019,625	141,000
5027,626	154,000
5035,626	172,000
5043,626	138,000
5051,626	153,000
5059,626	129,000
5067,626	145,000
5075,627	151,000
5083,627	161,000
5091,627	141,000
5099,627	139,000
5107,627	144,000
5115,627	147,000
5123,628	128,000
5131,628	133,000
5139,628	139,000
5147,628	144,000
5155,628	148,000
5163,628	141,000
5171,629	134,000
5179,629	125,000
5187,629	154,000
5195,629	124,000
5203,629	131,000
5211,629	125,000
5219,630	147,000
5227,630	128,000
5235,630	136,000
5243,630	130,000
5251,630	142,000
5259,630	125,000
5267,631	121,000
5275,631	133,000
5283,631	131,000
5291,631	119,000
5299,631	129,000
5307,631	124,000
5315,632	130,000
5323,632	131,000
5331,632	120,000
5339,632	127,000
5347,632	131,000
5355,632	127,000
5363,633	118,000
5371,633	91,000
5379,633	107,000
5387,633	104,000
5395,633	121,000
5403,633	104,000
5411,634	108,000
5419,634	99,000
5427,634	109,000
5435,634	104,000
5443,634	108,000
5451,634	112,000
5459,635	109,000
5467,635	108,000
5475,635	106,000
5483,635	118,000
5491,635	98,000
5499,635	134,000
5507,636	92,000
5515,636	102,000
5523,636	104,000
5531,636	114,000
5539,636	97,000
5547,636	106,000
5555,637	102,000
5563,637	102,000
5571,637	89,000
5579,637	101,000
5587,637	99,000
5595,637	90,000
5603,638	95,000
5611,638	90,000
5619,638	102,000
5627,638	88,000
5635,638	78,000
5643,638	90,000
5651,639	84,000
5659,639	97,000
5667,639	87,000
5675,639	79,000
5683,639	97,000
5691,639	90,000
5699,640	77,000
5707,640	96,000
5715,640	87,000
5723,640	77,000
5731,640	82,000
5739,640	98,000
5747,641	87,000
5755,641	84,000
5763,641	98,000
5771,641	72,000
5779,641	81,000
5787,641	86,000
5795,642	81,000
5803,642	79,000
5811,642	81,000
5819,642	69,000
5827,642	70,000
5835,642	90,000
5843,643	81,000
5851,643	80,000
5859,643	88,000
5867,643	78,000
5875,643	47,000
5883,643	83,000
5891,644	68,000
5899,644	72,000
5907,644	82,000
5915,644	92,000
5923,644	69,000
5931,644	74,000
5939,645	72,000
5947,645	73,000
5955,645	75,000
5963,645	92,000
5971,645	70,000
5979,645	76,000
5987,646	56,000
5995,646	59,000
6003,646	63,000
6011,646	74,000
6019,646	55,000
6027,646	70,000
6035,647	55,000
6043,647	59,000
6051,647	61,000
6059,647	66,000
6067,647	87,000
6075,647	72,000
6083,648	63,000
6091,648	65,000
6099,648	69,000
6107,648	74,000
6115,648	74,000
6123,648	58,000
6131,649	55,000
6139,649	49,000
6147,649	75,000
6155,649	59,000
6163,649	78,000
6171,649	62,000
6179,650	63,000
6187,650	61,000
6195,650	60,000
6203,650	50,000
6211,650	63,000
6219,650	56,000
6227,651	62,000
6235,651	63,000
6243,651	54,000
6251,651	48,000
6259,651	39,000
6267,651	58,000
6275,652	72,000
6283,652	56,000
6291,652	54,000
6299,652	55,000
6307,652	63,000
6315,652	48,000
6323,653	55,000
6331,653	53,000
6339,653	52,000
6347,653	51,000
6355,653	40,000
6363,653	64,000
6371,654	54,000
6379,654	51,000
6387,654	55,000
6395,654	50,000
6403,654	67,000
6411,654	61,000
6419,655	52,000
6427,655	39,000
6435,655	41,000
6443,655	47,000
6451,655	47,000
6459,655	48,000
6467,656	38,000
6475,656	43,000
6483,656	42,000
6491,656	53,000
6499,656	49,000
6507,656	44,000
6515,657	40,000
6523,657	52,000
6531,657	35,000
6539,657	42,000
6547,657	36,000
6555,657	50,000
6563,658	36,000
6571,658	46,000
6579,658	40,000
6587,658	47,000
6595,658	37,000
6603,658	36,000
6611,659	42,000
6619,659	41,000
6627,659	50,000
6635,659	32,000
6643,659	45,000
6651,659	31,000
6659,660	30,000
6667,660	58,000
6675,660	39,000
6683,660	53,000
6691,660	32,000
6699,660	37,000
6707,661	26,000
6715,661	42,000
6723,661	28,000
6731,661	39,000
6739,661	37,000
6747,661	43,000
6755,662	33,000
6763,662	38,000
6771,662	38,000
6779,662	29,000
6787,662	26,000
6795,662	30,000
6803,663	33,000
6811,663	22,000
6819,663	43,000
6827,663	38,000
6835,663	30,000
6843,663	23,000
6851,664	39,000
6859,664	26,000
6867,664	46,000
6875,664	38,000
6883,664	36,000
6891,664	28,000
6899,665	28,000
6907,665	30,000
6915,665	28,000
6923,665	32,000
6931,665	34,000
6939,665	26,000
6947,666	22,000
6955,666	37,000
6963,666	26,000
6971,666	31,000
6979,666	32,000
6987,666	29,000
6995,667	32,000
7003,667	28,000
7011,667	28,000
7019,667	36,000
7027,667	32,000
7035,667	25,000
7043,668	33,000
7051,668	27,000
7059,668	27,000
7067,668	23,000
7075,668	20,000
7083,668	24,000
7091,669	31,000
7099,669	23,000
7107,669	24,000
7115,669	33,000
7123,669	25,000
7131,669	27,000
7139,670	24,000
7147,670	33,000
7155,670	28,000
7163,670	26,000
7171,670	29,000
7179,670	35,000
7187,671	21,000
7195,671	33,000
7203,671	28,000
7211,671	28,000
7219,671	32,000
7227,671	22,000
7235,672	23,000
7243,672	18,000
7251,672	19,000
7259,672	32,000
7267,672	23,000
7275,672	26,000
7283,673	20,000
7291,673	19,000
7299,673	22,000
7307,673	22,000
7315,673	22,000
7323,673	23,000
7331,674	28,000
7339,674	10,000
7347,674	19,000
7355,674	27,000
7363,674	19,000
7371,674	23,000
7379,675	10,000
7387,675	19,000
7395,675	25,000
7403,675	21,000
7411,675	12,000
7419,675	23,000
7427,676	20,000
7435,676	18,000
7443,676	23,000
7451,676	14,000
7459,676	18,000
7467,676	15,000
7475,677	14,000
7483,677	15,000
7491,677	18,000
7499,677	17,000
7507,677	15,000
7515,677	18,000
7523,678	13,000
7531,678	25,000
7539,678	23,000
7547,678	15,000
7555,678	15,000
7563,678	23,000
7571,679	17,000
7579,679	15,000
7587,679	26,000
7595,679	14,000
7603,679	20,000
7611,679	21,000
7619,680	15,000
7627,680	8,000
7635,680	18,000
7643,680	11,000
7651,680	16,000
7659,680	16,000
7667,681	7,000
7675,681	16,000
7683,681	16,000
7691,681	12,000
7699,681	19,000
7707,681	12,000
7715,682	12,000
7723,682	10,000
7731,682	10,000
7739,682	18,000
7747,682	14,000
7755,682	8,000
7763,683	14,000
7771,683	20,000
7779,683	19,000
7787,683	14,000
7795,683	7,000
7803,683	18,000
7811,684	11,000
7819,684	17,000
7827,684	12,000
7835,684	13,000
7843,684	12,000
7851,684	15,000
7859,685	14,000
7867,685	18,000
7875,685	9,000
7883,685	12,000
7891,685	13,000
7899,685	12,000
7907,686	20,000
7915,686	13,000
7923,686	21,000
7931,686	15,000
7939,686	12,000
7947,686	8,000
7955,687	14,000
7963,687	13,000
7971,687	10,000
7979,687	11,000
7987,687	14,000
7995,687	6,000
8003,688	14,000
8011,688	12,000
8019,688	12,000
8027,688	12,000
8035,688	10,000
8043,688	10,000
8051,689	8,000
8059,689	8,000
8067,689	8,000
8075,689	13,000
8083,689	19,000
8091,689	11,000
8099,690	13,000
8107,690	10,000
8115,690	9,000
8123,690	17,000
8131,690	7,000
8139,690	15,000
8147,691	10,000
8155,691	9,000
8163,691	10,000
8171,691	9,000
8179,691	13,000
8187,691	11,000
8195,692	9,000
8203,692	9,000
8211,692	5,000
8219,692	10,000
8227,692	10,000
8235,692	5,000
8243,693	10,000
8251,693	10,000
8259,693	12,000
8267,693	7,000
8275,693	7,000
8283,693	6,000
8291,694	12,000
8299,694	6,000
8307,694	8,000
8315,694	9,000
8323,694	10,000
8331,694	7,000
8339,695	6,000
8347,695	5,000
8355,695	11,000
8363,695	10,000
8371,695	7,000
8379,695	4,000
8387,696	3,000
8395,696	10,000
8403,696	6,000
8411,696	6,000
8419,696	4,000
8427,696	10,000
8435,697	6,000
8443,697	7,000
8451,697	14,000
8459,697	12,000
8467,697	5,000
8475,697	12,000
8483,698	8,000
8491,698	13,000
8499,698	7,000
8507,698	6,000
8515,698	8,000
8523,698	5,000
8531,699	6,000
8539,699	11,000
8547,699	10,000
8555,699	5,000
8563,699	2,000
8571,699	6,000
8579,700	4,000
8587,700	5,000
8595,700	4,000
8603,700	7,000
8611,700	5,000
8619,700	6,000
8627,701	9,000
8635,701	8,000
8643,701	8,000
8651,701	6,000
8659,701	3,000
8667,701	4,000
8675,702	5,000
8683,702	7,000
8691,702	4,000
8699,702	7,000
8707,702	7,000
8715,702	4,000
8723,703	5,000
8731,703	8,000
8739,703	4,000
8747,703	5,000
8755,703	5,000
8763,703	9,000
8771,704	7,000
8779,704	8,000
8787,704	3,000
8795,704	9,000
8803,704	6,000
8811,704	4,000
8819,705	5,000
8827,705	7,000
8835,705	5,000
8843,705	3,000
8851,705	4,000
8859,705	4,000
8867,706	5,000
8875,706	4,000
8883,706	3,000
8891,706	2,000
8899,706	3,000
8907,706	5,000
8915,707	2,000
8923,707	8,000
8931,707	3,000
8939,707	2,000
8947,707	5,000
8955,707	4,000
8963,708	3,000
8971,708	5,000
8979,708	5,000
8987,708	5,000
8995,708	2,000
9003,708	7,000
9011,709	3,000
9019,709	9,000
9027,709	3,000
9035,709	4,000
9043,709	4,000
9051,709	7,000
9059,710	5,000
9067,710	8,000
9075,710	4,000
9083,710	2,000
9091,710	5,000
9099,710	1,000
9107,711	5,000
9115,711	7,000
9123,711	2,000
9131,711	4,000
9139,711	4,000
9147,711	6,000
9155,712	8,000
9163,712	4,000
9171,712	3,000
9179,712	1,000
9187,712	4,000
9195,712	2,000
9203,713	3,000
9211,713	3,000
9219,713	5,000
9227,713	5,000
9235,713	1,000
9243,713	4,000
9251,714	7,000
9259,714	2,000
9267,714	5,000
9275,714	3,000
9283,714	4,000
9291,714	0,000
9299,715	3,000
9307,715	4,000
9315,715	5,000
9323,715	5,000
9331,715	1,000
9339,715	3,000
9347,716	4,000
9355,716	1,000
9363,716	4,000
9371,716	4,000
9379,716	5,000
9387,716	3,000
9395,717	3,000
9403,717	1,000
9411,717	4,000
9419,717	3,000
9427,717	4,000
9435,717	4,000
9443,718	3,000
9451,718	3,000
9459,718	2,000
9467,718	2,000
9475,718	7,000
9483,718	4,000
9491,719	2,000
9499,719	1,000
9507,719	2,000
9515,719	3,000
9523,719	6,000
9531,719	1,000
9539,720	5,000
9547,720	4,000
9555,720	1,000
9563,720	4,000
9571,720	4,000
9579,720	2,000
9587,721	2,000
9595,721	2,000
9603,721	0,000
9611,721	2,000
9619,721	2,000
9627,721	1,000
9635,722	3,000
9643,722	3,000
9651,722	6,000
9659,722	1,000
9667,722	1,000
9675,722	2,000
9683,723	2,000
9691,723	2,000
9699,723	1,000
9707,723	0,000
9715,723	4,000
9723,723	2,000
9731,724	1,000
9739,724	2,000
9747,724	3,000
9755,724	4,000
9763,724	2,000
9771,724	0,000
9779,725	2,000
9787,725	3,000
9795,725	3,000
9803,725	1,000
9811,725	3,000
9819,725	1,000
9827,726	2,000
9835,726	0,000
9843,726	0,000
9851,726	3,000
9859,726	3,000
9867,726	4,000
9875,727	2,000
9883,727	1,000
9891,727	4,000
9899,727	1,000
9907,727	1,000
9915,727	2,000
9923,728	3,000
9931,728	2,000
9939,728	1,000
9947,728	2,000
9955,728	3,000
9963,728	4,000
9971,729	1,000
9979,729	0,000
9987,729	2,000
9995,729	0,000
10003,729	2,000
10011,729	1,000
10019,730	2,000
10027,730	0,000
10035,730	0,000
10043,730	3,000
10051,730	3,000
10059,730	3,000
10067,731	3,000
10075,731	1,000
10083,731	2,000
10091,731	1,000
10099,731	1,000
10107,731	1,000
10115,732	0,000
10123,732	1,000
10131,732	3,000
10139,732	2,000
10147,732	0,000
10155,732	3,000
10163,733	2,000
10171,733	1,000
10179,733	1,000
10187,733	1,000
10195,733	2,000
10203,733	0,000
10211,734	0,000
10219,734	1,000
10227,734	1,000
10235,734	1,000
10243,734	2,000
10251,734	2,000
10259,735	0,000
10267,735	1,000
10275,735	3,000
10283,735	2,000
10291,735	2,000
10299,735	2,000
10307,736	3,000
10315,736	0,000
10323,736	1,000
10331,736	0,000
10339,736	4,000
10347,736	2,000
10355,737	5,000
10363,737	2,000
10371,737	3,000
10379,737	0,000
10387,737	0,000
10395,737	1,000
10403,738	1,000
10411,738	3,000
10419,738	2,000
10427,738	1,000
10435,738	0,000
10443,738	1,000
10451,739	3,000
10459,739	2,000
10467,739	1,000
10475,739	1,000
10483,739	4,000
10491,739	2,000
10499,740	0,000
10507,740	1,000
10515,740	1,000
10523,740	0,000
10531,740	1,000
10539,740	0,000
10547,741	0,000
10555,741	1,000
10563,741	3,000
10571,741	3,000
10579,741	1,000
10587,741	0,000
10595,742	0,000
10603,742	2,000
10611,742	1,000
10619,742	3,000
10627,742	2,000
10635,742	0,000
10643,743	3,000
10651,743	1,000
10659,743	2,000
10667,743	1,000
10675,743	1,000
10683,743	1,000
10691,744	0,000
10699,744	1,000
10707,744	1,000
10715,744	1,000
10723,744	0,000
10731,744	1,000
10739,745	0,000
10747,745	0,000
10755,745	0,000
10763,745	2,000
10771,745	2,000
10779,745	3,000
10787,746	0,000
10795,746	1,000
10803,746	1,000
10811,746	0,000
10819,746	1,000
10827,746	0,000
10835,747	3,000
10843,747	0,000
10851,747	0,000
10859,747	3,000
10867,747	0,000
10875,747	1,000
10883,748	1,000
10891,748	0,000
10899,748	2,000
10907,748	1,000
10915,748	0,000
10923,748	1,000
10931,749	1,000
10939,749	0,000
10947,749	0,000
10955,749	0,000
10963,749	1,000
10971,749	0,000
10979,750	0,000
10987,750	0,000
10995,750	3,000
11003,750	1,000
11011,750	1,000
11019,750	0,000
11027,751	2,000
11035,751	1,000
11043,751	1,000
11051,751	0,000
11059,751	1,000
11067,751	0,000
11075,752	1,000
11083,752	0,000
11091,752	0,000
11099,752	0,000
11107,752	0,000
11115,752	1,000
11123,753	1,000
11131,753	0,000
11139,753	1,000
11147,753	2,000
11155,753	1,000
11163,753	1,000
11171,754	0,000
11179,754	0,000
11187,754	1,000
11195,754	0,000
11203,754	0,000
11211,754	1,000
11219,755	0,000
11227,755	0,000
11235,755	0,000
11243,755	0,000
11251,755	2,000
11259,755	1,000
11267,756	0,000
11275,756	0,000
11283,756	0,000
11291,756	0,000
11299,756	1,000
11307,756	0,000
11315,757	1,000
11323,757	0,000
11331,757	1,000
11339,757	1,000
11347,757	4,000
11355,757	0,000
11363,758	0,000
11371,758	1,000
11379,758	0,000
11387,758	0,000
11395,758	0,000
11403,758	2,000
11411,759	0,000
11419,759	0,000
11427,759	1,000
11435,759	0,000
11443,759	1,000
11451,759	1,000
11459,760	0,000
11467,760	0,000
11475,760	0,000
11483,760	0,000
11491,760	1,000
11499,760	1,000
11507,761	0,000
11515,761	0,000
11523,761	0,000
11531,761	0,000
11539,761	2,000
11547,761	2,000
11555,762	1,000
11563,762	0,000
11571,762	1,000
11579,762	0,000
11587,762	0,000
11595,762	1,000
11603,763	0,000
11611,763	1,000
11619,763	0,000
11627,763	2,000
11635,763	0,000
11643,763	0,000
11651,764	1,000
11659,764	0,000
11667,764	0,000
11675,764	0,000
11683,764	2,000
11691,764	0,000
11699,765	0,000
11707,765	0,000
11715,765	1,000
11723,765	0,000
11731,765	0,000
11739,765	1,000
11747,766	1,000
11755,766	1,000
11763,766	0,000
11771,766	1,000
11779,766	0,000
11787,766	0,000
11795,767	0,000
11803,767	1,000
11811,767	1,000
11819,767	0,000
11827,767	0,000
11835,767	0,000
11843,768	0,000
11851,768	0,000
11859,768	1,000
11867,768	0,000
11875,768	0,000
11883,768	0,000
11891,769	0,000
11899,769	0,000
11907,769	0,000
11915,769	0,000
11923,769	0,000
11931,769	0,000
11939,770	0,000
11947,770	0,000
11955,770	0,000
11963,770	0,000
11971,770	0,000
11979,770	0,000
11987,771	0,000
11995,771	0,000
12003,771	0,000
12011,771	1,000
12019,771	0,000
12027,771	0,000
12035,772	0,000
12043,772	0,000
12051,772	0,000
12059,772	0,000
12067,772	0,000
12075,772	0,000
12083,773	0,000
12091,773	0,000
12099,773	0,000
12107,773	0,000
12115,773	0,000
12123,773	0,000
12131,774	2,000
12139,774	0,000
12147,774	0,000
12155,774	0,000
12163,774	2,000
12171,774	0,000
12179,775	0,000
12187,775	0,000
12195,775	0,000
12203,775	0,000
12211,775	0,000
12219,775	0,000
12227,776	0,000
12235,776	0,000
12243,776	0,000
12251,776	0,000
12259,776	0,000
12267,776	1,000
12275,777	0,000
12283,777	0,000
12291,777	1,000
12299,777	0,000
12307,777	0,000
12315,777	1,000
12323,778	0,000
12331,778	0,000
12339,778	1,000
12347,778	0,000
12355,778	1,000
12363,778	0,000
12371,779	0,000
12379,779	0,000
12387,779	0,000
12395,779	1,000
12403,779	0,000
12411,779	0,000
12419,780	1,000
12427,780	0,000
12435,780	0,000
12443,780	0,000
12451,780	0,000
12459,780	1,000
12467,781	1,000
12475,781	0,000
12483,781	1,000
12491,781	0,000
12499,781	0,000
12507,781	0,000
12515,782	0,000
12523,782	1,000
12531,782	0,000
12539,782	0,000
12547,782	0,000
12555,782	0,000
12563,783	0,000
12571,783	0,000
12579,783	0,000
12587,783	1,000
12595,783	1,000
12603,783	0,000
12611,784	0,000
12619,784	0,000
12627,784	0,000
12635,784	0,000
12643,784	0,000
12651,784	0,000
12659,785	0,000
12667,785	1,000
12675,785	0,000
12683,785	0,000
12691,785	0,000
12699,785	1,000
12707,786	0,000
12715,786	0,000
12723,786	0,000
12731,786	0,000
12739,786	0,000
12747,786	0,000
12755,787	0,000
12763,787	0,000
12771,787	0,000
12779,787	0,000
12787,787	0,000
12795,787	0,000
12803,788	0,000
12811,788	0,000
12819,788	0,000
12827,788	0,000
12835,788	0,000
12843,788	0,000
12851,789	0,000
12859,789	0,000
12867,789	0,000
12875,789	0,000
12883,789	0,000
12891,789	0,000
12899,790	0,000
12907,790	0,000
12915,790	0,000
12923,790	1,000
12931,790	0,000
12939,790	0,000
12947,791	0,000
12955,791	0,000
12963,791	0,000
12971,791	1,000
12979,791	0,000
12987,791	0,000
12995,792	0,000
13003,792	0,000
13011,792	0,000
13019,792	0,000
13027,792	0,000
13035,792	0,000
13043,793	0,000
13051,793	0,000
13059,793	0,000
13067,793	0,000
13075,793	0,000
13083,793	0,000
13091,794	0,000
13099,794	0,000
13107,794	0,000
13115,794	0,000
13123,794	0,000
13131,794	0,000
13139,795	0,000
13147,795	0,000
13155,795	0,000
13163,795	0,000
13171,795	0,000
13179,795	0,000
13187,796	0,000
13195,796	0,000
13203,796	0,000
13211,796	0,000
13219,796	0,000
13227,796	0,000
13235,797	0,000
13243,797	1,000
13251,797	0,000
13259,797	0,000
13267,797	0,000
13275,797	0,000
13283,798	0,000
13291,798	0,000
13299,798	0,000
13307,798	0,000
13315,798	0,000
13323,798	1,000
13331,799	0,000
13339,799	0,000
13347,799	0,000
13355,799	0,000
13363,799	1,000
13371,799	0,000
13379,800	0,000
13387,800	0,000
13395,800	0,000
13403,800	0,000
13411,800	0,000
13419,800	0,000
13427,801	0,000
13435,801	0,000
13443,801	0,000
13451,801	0,000
13459,801	0,000
13467,801	0,000
13475,802	0,000
13483,802	0,000
13491,802	0,000
13499,802	0,000
13507,802	0,000
13515,802	1,000
13523,803	0,000
13531,803	0,000
13539,803	1,000
13547,803	0,000
13555,803	1,000
13563,803	0,000
13571,804	0,000
13579,804	0,000
13587,804	0,000
13595,804	0,000
13603,804	0,000
13611,804	0,000
13619,805	0,000
13627,805	0,000
13635,805	0,000
13643,805	0,000
13651,805	0,000
13659,805	0,000
13667,806	0,000
13675,806	0,000
13683,806	0,000
13691,806	0,000
13699,806	0,000
13707,806	0,000
13715,807	0,000
13723,807	0,000
13731,807	0,000
13739,807	0,000
13747,807	0,000
13755,807	0,000
13763,808	0,000
13771,808	0,000
13779,808	0,000
13787,808	0,000
13795,808	0,000
13803,808	0,000
13811,809	0,000
13819,809	0,000
13827,809	0,000
13835,809	0,000
13843,809	0,000
13851,809	0,000
13859,810	0,000
13867,810	0,000
13875,810	0,000
13883,810	0,000
13891,810	0,000
13899,810	0,000
13907,811	0,000
13915,811	0,000
13923,811	0,000
13931,811	0,000
13939,811	0,000
13947,811	0,000
13955,812	0,000
13963,812	0,000
13971,812	0,000
13979,812	0,000
13987,812	0,000
13995,812	0,000
14003,813	0,000
14011,813	0,000
14019,813	0,000
14027,813	0,000
14035,813	0,000
14043,813	0,000
14051,814	0,000
14059,814	0,000
14067,814	0,000
14075,814	0,000
14083,814	0,000
14091,814	0,000
14099,815	0,000
14107,815	0,000
14115,815	0,000
14123,815	0,000
14131,815	0,000
14139,815	0,000
14147,816	0,000
14155,816	0,000
14163,816	0,000
14171,816	0,000
14179,816	0,000
14187,816	0,000
14195,817	0,000
14203,817	0,000
14211,817	1,000
14219,817	0,000
14227,817	0,000
14235,817	0,000
14243,818	0,000
14251,818	0,000
14259,818	0,000
14267,818	0,000
14275,818	0,000
14283,818	0,000
14291,819	1,000
14299,819	0,000
14307,819	0,000
14315,819	0,000
14323,819	0,000
14331,819	0,000
14339,820	0,000
14347,820	0,000
14355,820	0,000
14363,820	0,000
14371,820	0,000
14379,820	0,000
14387,821	0,000
14395,821	0,000
14403,821	0,000
14411,821	0,000
14419,821	0,000
14427,821	0,000
14435,822	0,000
14443,822	0,000
14451,822	0,000
14459,822	0,000
14467,822	0,000
14475,822	0,000
14483,823	0,000
14491,823	0,000
14499,823	0,000
14507,823	0,000
14515,823	0,000
14523,823	0,000
14531,824	1,000
14539,824	0,000
14547,824	0,000
14555,824	0,000
14563,824	0,000
14571,824	0,000
14579,825	0,000
14587,825	0,000
14595,825	0,000
14603,825	0,000
14611,825	0,000
14619,825	0,000
14627,826	0,000
14635,826	0,000
14643,826	0,000
14651,826	0,000
14659,826	0,000
14667,826	0,000
14675,827	0,000
14683,827	0,000
14691,827	0,000
14699,827	0,000
14707,827	0,000
14715,827	0,000
14723,828	0,000
14731,828	0,000
14739,828	0,000
14747,828	0,000
14755,828	0,000
14763,828	0,000
14771,829	0,000
14779,829	0,000
14787,829	0,000
14795,829	0,000
14803,829	0,000
14811,829	0,000
14819,830	0,000
14827,830	0,000
14835,830	0,000
14843,830	0,000
14851,830	0,000
14859,830	0,000
14867,831	0,000
14875,831	1,000
14883,831	0,000
14891,831	0,000
14899,831	0,000
14907,831	0,000
14915,832	0,000
14923,832	0,000
14931,832	0,000
14939,832	0,000
14947,832	0,000
14955,832	0,000
14963,833	0,000
14971,833	0,000
14979,833	0,000
14987,833	0,000
14995,833	0,000
15003,833	0,000
15011,834	0,000
15019,834	0,000
15027,834	0,000
15035,834	0,000
15043,834	0,000
15051,834	0,000
15059,835	0,000
15067,835	0,000
15075,835	0,000
15083,835	0,000
15091,835	0,000
15099,835	0,000
15107,836	0,000
15115,836	0,000
15123,836	0,000
15131,836	0,000
15139,836	0,000
15147,836	0,000
15155,837	0,000
15163,837	0,000
15171,837	0,000
15179,837	0,000
15187,837	0,000
15195,837	0,000
15203,838	0,000
15211,838	0,000
15219,838	0,000
15227,838	0,000
15235,838	0,000
15243,838	0,000
15251,839	0,000
15259,839	0,000
15267,839	0,000
15275,839	0,000
15283,839	0,000
15291,839	0,000
15299,840	0,000
15307,840	0,000
15315,840	0,000
15323,840	0,000
15331,840	0,000
15339,840	0,000
15347,841	0,000
15355,841	0,000
15363,841	0,000
15371,841	0,000
15379,841	0,000
15387,841	0,000
15395,842	0,000
15403,842	0,000
15411,842	0,000
15419,842	0,000
15427,842	0,000
15435,842	0,000
15443,843	0,000
15451,843	0,000
15459,843	0,000
15467,843	0,000
15475,843	0,000
15483,843	0,000
15491,844	0,000
15499,844	0,000
15507,844	0,000
15515,844	0,000
15523,844	0,000
15531,844	0,000
15539,845	0,000
15547,845	0,000
15555,845	0,000
15563,845	0,000
15571,845	0,000
15579,845	0,000
15587,846	0,000
15595,846	0,000
15603,846	0,000
15611,846	0,000
15619,846	0,000
15627,846	0,000
15635,847	0,000
15643,847	0,000
15651,847	0,000
15659,847	0,000
15667,847	0,000
15675,847	0,000
15683,848	0,000
15691,848	0,000
15699,848	0,000
15707,848	0,000
15715,848	0,000
15723,848	0,000
15731,849	0,000
15739,849	0,000
15747,849	0,000
15755,849	0,000
15763,849	0,000
15771,849	0,000
15779,850	0,000
15787,850	0,000
15795,850	1,000
15803,850	0,000
15811,850	0,000
15819,850	0,000
15827,851	0,000
15835,851	0,000
15843,851	0,000
15851,851	0,000
15859,851	0,000
15867,851	0,000
15875,852	0,000
15883,852	0,000
15891,852	0,000
15899,852	0,000
15907,852	0,000
15915,852	0,000
15923,853	0,000
15931,853	0,000
15939,853	0,000
15947,853	0,000
15955,853	0,000
15963,853	0,000
15971,854	0,000
15979,854	0,000
15987,854	0,000
15995,854	0,000
16003,854	0,000
16011,854	0,000
16019,855	0,000
16027,855	0,000
16035,855	0,000
16043,855	0,000
16051,855	0,000
16059,855	0,000
16067,856	0,000
16075,856	0,000
16083,856	0,000
16091,856	0,000
16099,856	0,000
16107,856	0,000
16115,857	0,000
16123,857	0,000
16131,857	0,000
16139,857	0,000
16147,857	0,000
16155,857	0,000
16163,858	0,000
16171,858	0,000
16179,858	0,000
16187,858	0,000
16195,858	0,000
16203,858	0,000
16211,859	0,000
16219,859	0,000
16227,859	0,000
16235,859	0,000
16243,859	0,000
16251,859	0,000
16259,860	0,000
16267,860	0,000
16275,860	0,000
16283,860	0,000
16291,860	0,000
16299,860	0,000
16307,861	0,000
16315,861	0,000
16323,861	0,000
16331,861	0,000
16339,861	0,000
16347,861	0,000
16355,862	0,000
16363,862	0,000
16371,862	0,000
16379,862	0,000
16387,862	0,000
16395,862	0,000
16403,863	0,000
16411,863	0,000
16419,863	0,000
16427,863	0,000
16435,863	0,000
16443,863	0,000
16451,864	0,000
16459,864	0,000
16467,864	0,000
16475,864	0,000
16483,864	0,000
16491,864	0,000
16499,865	1,000
16507,865	0,000
16515,865	0,000
16523,865	0,000
16531,865	0,000
16539,865	0,000
16547,866	0,000
16555,866	0,000
16563,866	0,000
16571,866	0,000
16579,866	0,000
16587,866	0,000
16595,867	0,000
16603,867	0,000
16611,867	0,000
16619,867	0,000
16627,867	0,000
16635,867	0,000
16643,868	0,000
16651,868	0,000
16659,868	0,000
16667,868	0,000
16675,868	0,000
16683,868	0,000
16691,869	0,000
16699,869	0,000
16707,869	0,000
16715,869	0,000
16723,869	0,000
16731,869	0,000
16739,870	0,000
16747,870	0,000
16755,870	0,000
16763,870	0,000
16771,870	0,000
16779,870	0,000
16787,871	0,000
16795,871	0,000
16803,871	0,000
16811,871	0,000
16819,871	0,000
16827,871	0,000
16835,872	0,000
16843,872	0,000
16851,872	0,000
16859,872	0,000
16867,872	0,000
16875,872	0,000
16883,873	0,000
16891,873	0,000
16899,873	0,000
16907,873	0,000
16915,873	0,000
16923,873	0,000
16931,874	0,000
16939,874	0,000
16947,874	0,000
16955,874	0,000
16963,874	0,000
16971,874	0,000
16979,875	0,000
16987,875	0,000
16995,875	0,000
17003,875	0,000
17011,875	0,000
17019,875	0,000
17027,876	0,000
17035,876	0,000
17043,876	0,000
17051,876	0,000
17059,876	0,000
17067,876	0,000
17075,877	0,000
17083,877	0,000
17091,877	0,000
17099,877	0,000
17107,877	0,000
17115,877	0,000
17123,878	0,000
17131,878	0,000
17139,878	0,000
17147,878	0,000
17155,878	0,000
17163,878	0,000
17171,879	0,000
17179,879	0,000
17187,879	0,000
17195,879	0,000
17203,879	0,000
17211,879	0,000
17219,880	0,000
17227,880	0,000
17235,880	0,000
17243,880	0,000
17251,880	0,000
17259,880	0,000
17267,881	0,000
17275,881	0,000
17283,881	0,000
17291,881	0,000
17299,881	0,000
17307,881	0,000
17315,882	0,000
17323,882	0,000
17331,882	0,000
17339,882	0,000
17347,882	0,000
17355,882	0,000
17363,883	0,000
17371,883	0,000
17379,883	0,000
17387,883	0,000
17395,883	0,000
17403,883	0,000
17411,884	0,000
17419,884	0,000
17427,884	0,000
17435,884	0,000
17443,884	0,000
17451,884	0,000
17459,885	0,000
17467,885	0,000
17475,885	0,000
17483,885	0,000
17491,885	0,000
17499,885	0,000
17507,886	0,000
17515,886	0,000
17523,886	0,000
17531,886	0,000
17539,886	0,000
17547,886	0,000
17555,887	0,000
17563,887	0,000
17571,887	0,000
17579,887	0,000
17587,887	0,000
17595,887	0,000
17603,888	0,000
17611,888	0,000
17619,888	0,000
17627,888	0,000
17635,888	0,000
17643,888	0,000
17651,889	0,000
17659,889	0,000
17667,889	0,000
17675,889	0,000
17683,889	0,000
17691,889	0,000
17699,890	0,000
17707,890	0,000
17715,890	0,000
17723,890	0,000
17731,890	0,000
17739,890	0,000
17747,891	0,000
17755,891	0,000
17763,891	0,000
17771,891	0,000
17779,891	0,000
17787,891	0,000
17795,892	0,000
17803,892	0,000
17811,892	0,000
17819,892	0,000
17827,892	0,000
17835,892	0,000
17843,893	0,000
17851,893	0,000
17859,893	0,000
17867,893	0,000
17875,893	0,000
17883,893	0,000
17891,894	0,000
17899,894	0,000
17907,894	0,000
17915,894	0,000
17923,894	0,000
17931,894	0,000
17939,895	0,000
17947,895	0,000
17955,895	0,000
17963,895	0,000
17971,895	0,000
17979,895	0,000
17987,896	0,000
17995,896	0,000
18003,896	0,000
18011,896	0,000
18019,896	0,000
18027,896	0,000
18035,897	0,000
18043,897	0,000
18051,897	0,000
18059,897	0,000
18067,897	0,000
18075,897	0,000
18083,898	0,000
18091,898	0,000
18099,898	0,000
18107,898	0,000
18115,898	0,000
18123,898	0,000
18131,899	0,000
18139,899	0,000
18147,899	0,000
18155,899	0,000
18163,899	0,000
18171,899	0,000
18179,900	0,000
18187,900	0,000
18195,900	0,000
18203,900	0,000
18211,900	0,000
18219,900	0,000
18227,901	0,000
18235,901	0,000
18243,901	0,000
18251,901	0,000
18259,901	0,000
18267,901	0,000
18275,902	0,000
18283,902	0,000
18291,902	0,000
18299,902	0,000
18307,902	0,000
18315,902	0,000
18323,903	0,000
18331,903	0,000
18339,903	0,000
18347,903	0,000
18355,903	0,000
18363,903	0,000
18371,904	0,000
18379,904	0,000
18387,904	0,000
18395,904	0,000
18403,904	0,000
18411,904	0,000
18419,905	0,000
18427,905	0,000
18435,905	0,000
18443,905	0,000
18451,905	0,000
18459,905	0,000
18467,906	0,000
18475,906	0,000
18483,906	0,000
18491,906	0,000
18499,906	0,000
18507,906	0,000
18515,907	0,000
18523,907	0,000
18531,907	0,000
18539,907	0,000
18547,907	0,000
18555,907	0,000
18563,908	0,000
18571,908	0,000
18579,908	0,000
18587,908	0,000
18595,908	0,000
18603,908	0,000
18611,909	0,000
18619,909	0,000
18627,909	0,000
18635,909	0,000
18643,909	0,000
18651,909	0,000
18659,910	0,000
18667,910	0,000
18675,910	0,000
18683,910	0,000
18691,910	0,000
18699,910	0,000
18707,911	0,000
18715,911	0,000
18723,911	0,000
18731,911	0,000
18739,911	0,000
18747,911	0,000
18755,912	0,000
18763,912	0,000
18771,912	0,000
18779,912	0,000
18787,912	0,000
18795,912	0,000
18803,913	0,000
18811,913	0,000
18819,913	0,000
18827,913	0,000
18835,913	0,000
18843,913	0,000
18851,914	0,000
18859,914	0,000
18867,914	0,000
18875,914	0,000
18883,914	0,000
18891,914	0,000
18899,915	0,000
18907,915	0,000
18915,915	0,000
18923,915	0,000
18931,915	0,000
18939,915	0,000
18947,916	0,000
18955,916	0,000
18963,916	0,000
18971,916	0,000
18979,916	0,000
18987,916	0,000
18995,917	0,000
19003,917	0,000
19011,917	0,000
19019,917	0,000
19027,917	0,000
19035,917	0,000
19043,918	0,000
19051,918	0,000
19059,918	0,000
19067,918	0,000
19075,918	0,000
19083,918	0,000
19091,919	0,000
19099,919	0,000
19107,919	0,000
19115,919	0,000
19123,919	0,000
19131,919	0,000
19139,920	0,000
19147,920	0,000
19155,920	0,000
19163,920	0,000
19171,920	0,000
19179,920	0,000
19187,921	0,000
19195,921	0,000
19203,921	0,000
19211,921	0,000
19219,921	0,000
19227,921	0,000
19235,922	0,000
19243,922	0,000
19251,922	0,000
19259,922	0,000
19267,922	0,000
19275,922	0,000
19283,923	0,000
19291,923	0,000
19299,923	0,000
19307,923	0,000
19315,923	0,000
19323,923	0,000
19331,924	0,000
19339,924	0,000
19347,924	0,000
19355,924	0,000
19363,924	0,000
19371,924	0,000
19379,925	0,000
19387,925	0,000
19395,925	0,000
19403,925	0,000
19411,925	0,000
19419,925	0,000
19427,926	0,000
19435,926	0,000
19443,926	0,000
19451,926	0,000
19459,926	0,000
19467,926	0,000
19475,927	0,000
19483,927	0,000
19491,927	0,000
19499,927	0,000
19507,927	0,000
19515,927	0,000
19523,928	0,000
19531,928	0,000
19539,928	0,000
19547,928	0,000
19555,928	0,000
19563,928	0,000
19571,929	0,000
19579,929	0,000
19587,929	0,000
19595,929	0,000
19603,929	0,000
19611,929	0,000
19619,930	0,000
19627,930	0,000
19635,930	0,000
19643,930	0,000
19651,930	0,000
19659,930	0,000
19667,931	0,000
19675,931	0,000
19683,931	0,000
19691,931	0,000
19699,931	0,000
19707,931	0,000
19715,932	0,000
19723,932	0,000
19731,932	0,000
19739,932	0,000
19747,932	0,000
19755,932	0,000
19763,933	0,000
19771,933	0,000
19779,933	0,000
19787,933	0,000
19795,933	0,000
19803,933	0,000
19811,934	0,000
19819,934	0,000
19827,934	0,000
19835,934	0,000
19843,934	0,000
19851,934	0,000
19859,935	0,000
19867,935	0,000
19875,935	0,000
19883,935	0,000
19891,935	0,000
19899,935	0,000
19907,936	0,000
19915,936	0,000
19923,936	0,000
19931,936	0,000
19939,936	0,000
19947,936	0,000
19955,937	0,000
19963,937	0,000
19971,937	0,000
19979,937	0,000
19987,937	0,000
19995,937	0,000
20003,938	0,000
20011,938	0,000
20019,938	0,000
20027,938	0,000
20035,938	0,000
20043,938	0,000
20051,939	0,000
20059,939	0,000
20067,939	0,000
20075,939	0,000
20083,939	0,000
20091,939	0,000
20099,940	0,000
20107,940	0,000
20115,940	0,000
20123,940	0,000
20131,940	0,000
20139,940	0,000
20147,941	0,000
20155,941	0,000
20163,941	0,000
20171,941	0,000
20179,941	0,000
20187,941	0,000
20195,942	0,000
20203,942	0,000
20211,942	0,000
20219,942	0,000
20227,942	0,000
20235,942	0,000
20243,943	0,000
20251,943	0,000
20259,943	0,000
20267,943	0,000
20275,943	0,000
20283,943	0,000
20291,944	0,000
20299,944	0,000
20307,944	0,000
20315,944	0,000
20323,944	0,000
20331,944	0,000
20339,945	0,000
20347,945	0,000
20355,945	0,000
20363,945	0,000
20371,945	0,000
20379,945	0,000
20387,946	0,000
20395,946	0,000
20403,946	0,000
20411,946	0,000
20419,946	0,000
20427,946	0,000
20435,947	0,000
20443,947	0,000
20451,947	0,000
20459,947	0,000
20467,947	0,000
20475,947	0,000
20483,948	0,000
20491,948	0,000
20499,948	0,000
20507,948	0,000
20515,948	0,000
20523,948	0,000
20531,949	0,000
20539,949	0,000
20547,949	0,000
20555,949	0,000
20563,949	0,000
20571,949	0,000
20579,950	0,000
20587,950	0,000
20595,950	0,000
20603,950	0,000
20611,950	0,000
20619,950	0,000
20627,951	0,000
20635,951	0,000
20643,951	0,000
20651,951	0,000
20659,951	0,000
20667,951	0,000
20675,952	0,000
20683,952	0,000
20691,952	0,000
20699,952	0,000
20707,952	0,000
20715,952	0,000
20723,953	0,000
20731,953	0,000
20739,953	0,000
20747,953	0,000
20755,953	0,000
20763,953	0,000
20771,954	0,000
20779,954	0,000
20787,954	0,000
20795,954	0,000
20803,954	0,000
20811,954	0,000
20819,955	0,000
20827,955	0,000
20835,955	0,000
20843,955	0,000
20851,955	0,000
20859,955	0,000
20867,956	0,000
20875,956	0,000
20883,956	0,000
20891,956	0,000
20899,956	0,000
20907,956	0,000
20915,957	0,000
20923,957	0,000
20931,957	0,000
20939,957	0,000
20947,957	0,000
20955,957	0,000
20963,958	0,000
20971,958	0,000
20979,958	0,000
20987,958	0,000
20995,958	0,000
21003,958	0,000
21011,959	0,000
21019,959	0,000
21027,959	0,000
21035,959	0,000
21043,959	0,000
21051,959	0,000
21059,960	0,000
21067,960	0,000
21075,960	0,000
21083,960	0,000
21091,960	0,000
21099,960	0,000
21107,961	0,000
21115,961	0,000
21123,961	0,000
21131,961	0,000
21139,961	0,000
21147,961	0,000
21155,962	0,000
21163,962	0,000
21171,962	0,000
21179,962	0,000
21187,962	0,000
21195,962	0,000
21203,963	0,000
21211,963	0,000
21219,963	0,000
21227,963	0,000
21235,963	0,000
21243,963	0,000
21251,964	0,000
21259,964	0,000
21267,964	0,000
21275,964	0,000
21283,964	0,000
21291,964	0,000
21299,965	0,000
21307,965	0,000
21315,965	0,000
21323,965	0,000
21331,965	0,000
21339,965	0,000
21347,966	0,000
21355,966	0,000
21363,966	0,000
21371,966	0,000
21379,966	0,000
21387,966	0,000
21395,967	0,000
21403,967	0,000
21411,967	0,000
21419,967	0,000
21427,967	0,000
21435,967	0,000
21443,968	0,000
21451,968	0,000
21459,968	0,000
21467,968	0,000
21475,968	0,000
21483,968	0,000
21491,969	0,000
21499,969	0,000
21507,969	0,000
21515,969	0,000
21523,969	0,000
21531,969	0,000
21539,970	0,000
21547,970	0,000
21555,970	0,000
21563,970	0,000
21571,970	0,000
21579,970	0,000
21587,971	0,000
21595,971	0,000
21603,971	0,000
21611,971	0,000
21619,971	0,000
21627,971	0,000
21635,972	0,000
21643,972	0,000
21651,972	0,000
21659,972	0,000
21667,972	0,000
21675,972	0,000
21683,973	0,000
21691,973	0,000
21699,973	0,000
21707,973	0,000
21715,973	0,000
21723,973	0,000
21731,974	0,000
21739,974	0,000
21747,974	0,000
21755,974	0,000
21763,974	0,000
21771,974	0,000
21779,975	0,000
21787,975	0,000
21795,975	0,000
21803,975	0,000
21811,975	0,000
21819,975	0,000
21827,976	0,000
21835,976	0,000
21843,976	0,000
21851,976	0,000
21859,976	0,000
21867,976	0,000
21875,977	0,000
21883,977	0,000
21891,977	0,000
21899,977	0,000
21907,977	0,000
21915,977	0,000
21923,978	0,000
21931,978	0,000
21939,978	0,000
21947,978	0,000
21955,978	0,000
21963,978	0,000
21971,979	0,000
21979,979	0,000
21987,979	0,000
21995,979	0,000
22003,979	0,000
22011,979	0,000
22019,980	0,000
22027,980	0,000
22035,980	0,000
22043,980	0,000
22051,980	0,000
22059,980	0,000
22067,981	0,000
22075,981	0,000
22083,981	0,000
22091,981	0,000
22099,981	0,000
22107,981	0,000
22115,982	0,000
22123,982	0,000
22131,982	0,000
22139,982	0,000
22147,982	0,000
22155,982	0,000
22163,983	0,000
22171,983	0,000
22179,983	0,000
22187,983	0,000
22195,983	0,000
22203,983	0,000
22211,984	0,000
22219,984	0,000
22227,984	0,000
22235,984	0,000
22243,984	0,000
22251,984	0,000
22259,985	0,000
22267,985	0,000
22275,985	0,000
22283,985	0,000
22291,985	0,000
22299,985	0,000
22307,986	0,000
22315,986	0,000
22323,986	0,000
22331,986	0,000
22339,986	0,000
22347,986	0,000
22355,987	0,000
22363,987	0,000
22371,987	0,000
22379,987	0,000
22387,987	0,000
22395,987	0,000
22403,988	0,000
22411,988	0,000
22419,988	0,000
22427,988	0,000
22435,988	0,000
22443,988	0,000
22451,989	0,000
22459,989	0,000
22467,989	0,000
22475,989	0,000
22483,989	0,000
22491,989	0,000
22499,990	0,000
22507,990	0,000
22515,990	0,000
22523,990	0,000
22531,990	0,000
22539,990	0,000
22547,991	0,000
22555,991	0,000
22563,991	0,000
22571,991	0,000
22579,991	0,000
22587,991	0,000
22595,992	0,000
22603,992	0,000
22611,992	0,000
22619,992	0,000
22627,992	0,000
22635,992	0,000
22643,993	0,000
22651,993	0,000
22659,993	0,000
22667,993	0,000
22675,993	0,000
22683,993	0,000
22691,994	0,000
22699,994	0,000
22707,994	0,000
22715,994	0,000
22723,994	0,000
22731,994	0,000
22739,995	0,000
22747,995	0,000
22755,995	0,000
22763,995	0,000
22771,995	0,000
22779,995	0,000
22787,996	0,000
22795,996	0,000
22803,996	0,000
22811,996	0,000
22819,996	0,000
22827,996	0,000
22835,997	0,000
22843,997	0,000
22851,997	0,000
22859,997	0,000
22867,997	0,000
22875,997	0,000
22883,998	0,000
22891,998	0,000
22899,998	0,000
22907,998	0,000
22915,998	0,000
22923,998	0,000
22931,999	0,000
22939,999	0,000
22947,999	0,000
22955,999	0,000
22963,999	0,000
22971,999	0,000
22980,000	0,000
22988,000	0,000
22996,000	0,000
,000
22651,993	0,000
22659,993	0,000
22667,993	0,000
22675,993	0,000
22683,993	0,000
22691,994	0,000
22699,994	0,000
22707,994	0,000
22715,994	0,000
22723,994	0,000
22731,994	0,000
22739,995	0,000
22747,995	0,000
22755,995	0,000
22763,995	0,000
22771,995	0,000
22779,995	0,000
22787,996	0,000
22795,996	0,000
22803,996	0,000
22811,996	0,000
22819,996	0,000
22827,996	0,000
22835,997	0,000
22843,997	0,000
22851,997	0,000
22859,997	0,000
22867,997	0,000
22875,997	0,000
22883,998	0,000
22891,998	0,000
22899,998	0,000
22907,998	0,000
22915,998	0,000
22923,998	0,000
22931,999	0,000
22939,999	0,000
22947,999	0,000
22955,999	0,000
22963,999	0,000
22971,999	0,000
22980,000	0,000
22988,000	0,000
22996,000	0,000
